13,2
28,8 9,2
31,4 10,2 2,6
37,2 16 7,1 4,2
40,5 19,7 10 6,1 1,7
46,4 26,4 15,5 10,7 5,1 3,3
55,3 35,3 24,4 19,6 14 12,2 8,9
64,5 44,5 33,6 28,8 23,2 21,4 18,1 5,8
66,3 46,3 35,4 30,6 25 23,2 19,9 9,3 2,2
71 51 40,1 35,3 29,7 27,9 24,6 15,6 7,7 5
77,6 57,6 46,7 41,9 36,3 34,5 31,2 20,2 11,7 9,3 3
78,5 58,5 47,6 42,8 37,2 35,4 32,1 21,8 12,2 10,3 4,3 1,4
80,5 60,5 49,6 44,8 39,2 37,4 34,1 27 19 16,1 10,4 5,7 4,7
89 69 58,1 53,3 47,7 45,9 42,6 30,1 22,6 20,2 14,3 8,6 8,1 3,6
92,8 72,8 61,9 57,1 51,5 49,7 46,4 37,8 29,3 23,8 20,1 15,5 14,4 10,8 5,3
93,4 73,4 62,5 57,7 52,1 50,3 47 38,7 31,5 29,7 24,7 21,5 19,9 15,4 12,7 9,3
93,4 73,4 62,5 57,7 52,1 50,3 47 38,7 31,5 29,7 24,7 21,5 19,9 15,4 12,7 9,3 0
93,4 73,4 62,5 57,7 52,1 50,3 47 38,7 31,5 29,7 24,7 21,5 19,9 15,4 12,7 9,3 0 0
93,4 73,4 62,5 57,7 52,1 50,3 47 38,7 31,5 29,7 24,7 21,5 19,9 15,4 12,7 9,3 0 0 0
93,4 73,4 62,5 57,7 52,1 50,3 47 38,7 31,5 29,7 24,7 21,5 19,9 15,4 12,7 9,3 . . . .
95,6 75,6 64,7 59,9 54,3 52,5 49,2 42,6 34,4 32,2 25,6 20,8 19,2 16,7 11,2 4,4 13 13 13 13 13
95,8 75,8 64,9 60,1 54,5 52,7 49,4 42,8 35,8 32,7 28,8 26,1 23,6 19,6 15,2 7,8 17,4 17,4 17,4 17,4 17,4 1,8
96 76 65,1 60,3 54,7 52,9 49,6 43 36 32,9 29 26,3 23,8 20 15,4 9,7 17,7 17,7 17,7 17,7 17,7 4,9 2,9
97,1 77,1 66,2 61,4 55,8 54 50,7 44 38,1 35,4 32,1 30,6 27,7 26,7 20,3 15,9 24 24 24 24 24 8,4 5,1 2,6
102,3 82,3 71,4 66,6 61 59,2 55,9 48,9 42,9 40,5 37,6 35,8 34,9 32,5 25,4 20 29,1 29,1 29,1 29,1 29,1 13,7 9,7 9,1 5,3
108,3 88,3 77,4 72,6 67 65,2 61,9 56 50,8 47,3 46 43,1 41,8 39,7 34,9 28,2 36,8 36,8 36,8 36,8 36,8 22,8 17,7 17,4 12,4 7,7
108,3 88,3 77,4 72,6 67 65,2 61,9 56 50,8 47,3 46 43,1 41,8 39,7 34,9 28,2 36,8 36,8 36,8 36,8 36,8 22,8 17,7 17,4 12,4 7,7 .
108,3 88,3 77,4 72,6 67 65,2 61,9 56 50,8 47,3 46 43,1 41,8 39,7 34,9 28,2 36,8 36,8 36,8 36,8 36,8 22,8 17,7 17,4 12,4 7,7 . 2,2
. . . . . . . . . . . . . . . . . . . . . . . . . . . . .
108,3 88,3 77,4 72,6 67 65,2 61,9 56 50,8 47,3 46 43,1 41,8 39,7 34,9 28,2 36,8 36,8 36,8 36,8 36,8 22,8 17,7 17,4 12,4 7,7 . 2,2 0 0
108,3 88,3 77,4 72,6 67 65,2 61,9 56 50,8 47,3 46 43,1 41,8 39,7 34,9 28,2 36,8 36,8 36,8 36,8 36,8 22,8 17,7 17,4 12,4 7,7 . 2,2 0 0 0
108,3 88,3 77,4 72,6 67 65,2 61,9 56 50,8 47,3 46 43,1 41,8 39,7 34,9 28,2 36,8 36,8 36,8 36,8 36,8 22,8 17,7 17,4 12,4 7,7 . 2,2 0 0 0 0
108,3 88,3 77,4 72,6 67 65,2 61,9 56 50,8 47,3 46 43,1 41,8 39,7 34,9 28,2 36,8 36,8 36,8 36,8 36,8 22,8 17,7 17,4 12,4 7,7 . 2,2 0 0 0 0 0
. . . . . . . . . . . . . . . . . . . . . . . . . . . . . . 0 0 0 0
108,3 88,3 77,4 72,6 67 65,2 61,9 56 50,8 47,3 46 43,1 41,8 39,7 34,9 28,2 36,8 36,8 36,8 36,8 36,8 22,8 17,7 17,4 12,4 7,7 . 2,2 0 0 0 0 0 0 0
108,3 88,3 77,4 72,6 67 65,2 61,9 56 50,8 47,3 46 43,1 41,8 39,7 34,9 28,2 36,8 36,8 36,8 36,8 36,8 22,8 17,7 17,4 12,4 7,7 . 2,2 0 0 0 0 0 0 0 0
108,3 88,3 77,4 72,6 67 65,2 61,9 56 50,8 47,3 46 43,1 41,8 39,7 34,9 28,2 36,8 36,8 36,8 36,8 36,8 22,8 17,7 17,4 12,4 7,7 . 2,2 0 0 0 0 0 0 0 0 0
108,3 88,3 77,4 72,6 67 65,2 61,9 56 50,8 47,3 46 43,1 41,8 39,7 34,9 28,2 36,8 36,8 36,8 36,8 36,8 22,8 17,7 17,4 12,4 7,7 . 2,2 0 0 0 0 0 0 0 0 0 0
108,3 88,3 77,4 72,6 67 65,2 61,9 56 50,8 47,3 46 43,1 41,8 39,7 34,9 28,2 36,8 36,8 36,8 36,8 36,8 22,8 17,7 17,4 12,4 7,7 . 2,2 0 0 0 0 0 0 0 0 0 0 0
97 77 66,1 61,3 55,7 53,9 50,6 45,5 36,6 32,9 27,4 23,1 22,8 19,5 13,4 6,9 14,6 14,6 14,6 14,6 14,6 11,6 14,8 15 19,9 25,5 32,3 32,3 32,3 . 32,3 32,3 32,3 32,3 . 32,3 32,3 32,3 32,3 32,3
97,2 77,2 66,3 61,5 55,9 54,1 50,8 50,3 42,2 39,7 33 28,2 27,9 25,2 18 11,5 19,6 19,6 19,6 19,6 19,6 15,9 18,4 18,6 22,4 27,5 34 34 34 . 34 34 34 34 . 34 34 34 34 34 4
97,4 77,4 66,5 61,7 56,1 54,3 51 50,4 42,3 39,8 34,6 30,2 29,9 29,6 20 14,5 22,9 22,9 22,9 22,9 22,9 18,9 20,2 20,4 23,7 28,7 34,6 34,6 34,6 . 34,6 34,6 34,6 34,6 . 34,6 34,6 34,6 34,6 34,6 7,8 3,1
97,4 77,4 66,5 61,7 56,1 54,3 51 50,4 42,3 39,8 34,6 30,2 29,9 29,6 20 14,5 22,9 22,9 22,9 22,9 22,9 18,9 20,2 20,4 23,7 28,7 34,6 34,6 34,6 . 34,6 34,6 34,6 34,6 . 34,6 34,6 34,6 34,6 34,6 7,8 3,1 .
63,5 43,5 32,6 27,8 22,2 20,4 17,1 7,1 2,1 5,3 9,9 15,4 16 21,4 25,1 33,1 33,6 33,6 33,6 33,6 33,6 38,1 37,7 37,9 40 45,7 51,3 51,3 51,3 . 51,3 51,3 51,3 51,3 . 51,3 51,3 51,3 51,3 51,3 38,6 44,7 45 45
68 48 37,1 32,3 26,7 24,9 21,6 9,2 5,2 9,2 13,4 17,5 19 23,1 26,8 33,8 35,6 35,6 35,6 35,6 35,6 38,3 40,2 40,4 42,3 47,6 55,1 55,1 55,1 . 55,1 55,1 55,1 55,1 . 55,1 55,1 55,1 55,1 55,1 38,8 47,1 47,4 47,4 2,6
75,3 55,3 44,4 39,6 34 32,2 28,9 18,6 14,4 19,6 23,2 26,1 26,6 33,5 38,8 42,1 44,5 44,5 44,5 44,5 44,5 47 50,8 51,1 53 58,2 66 66 66 . 66 66 66 66 . 66 66 66 66 66 47,9 54 56,6 56,6 11 7,9
. . . . . . . . . . . . . . . . . . . . . . . . . . . . . . . . . . . . . . . . . . . . . . .
. . . . . . . . . . . . . . . . . . . . . . . . . . . . . . . . . . . . . . . . . . . . . . . 0
. . . . . . . . . . . . . . . . . . . . . . . . . . . . . . . . . . . . . . . . . . . . . . . 2,6 2,6
. . . . . . . . . . . . . . . . . . . . . . . . . . . . . . . . . . . . . . . . . . . . . . . . . .
. . . . . . . . . . . . . . . . . . . . . . . . . . . . . . . . . . . . . . . . . . . . . . . . . . .
85,5 65,5 54,6 49,8 44,2 42,4 39,1 27 22,5 29,1 29,8 33,5 35 39,3 44,7 48,5 50,9 50,9 50,9 50,9 50,9 52,7 57,8 58 59,3 64,5 73,2 73,2 73,2 . 73,2 73,2 73,2 73,2 . 73,2 73,2 73,2 73,2 73,2 54,6 58,5 61 61 20,8 16,4 6,8 13,8 13,8 . 13,8 13,8
93,1 73,1 62,2 57,4 51,8 50 46,7 33,7 31,3 36,4 37,8 39,8 41,1 46,3 51,9 54,6 56,7 56,7 56,7 56,7 56,7 58,7 64,5 64,7 65,9 70,4 78,8 78,8 78,8 . 78,8 78,8 78,8 78,8 . 78,8 78,8 78,8 78,8 78,8 62,2 65,9 68,9 68,9 27,4 24,6 12 21,6 21,6 . 21,6 21,6 5,2
99,7 79,7 68,8 64 58,4 56,6 53,3 41,5 37,4 43,6 44,7 46,5 47,4 52,4 59 61,2 62,6 62,6 62,6 62,6 62,6 64,9 69,7 69,9 71,3 76,9 84,3 84,3 84,3 . 84,3 84,3 84,3 84,3 . 84,3 84,3 84,3 84,3 84,3 68,2 71,8 74,9 74,9 35,1 29,3 19,4 31,4 31,4 . 31,4 31,4 11,7 5,7
102,9 82,9 72 67,2 61,6 59,8 56,5 45,7 42,3 49 49,2 50,5 51 56,5 62,1 64,7 65,9 65,9 65,9 65,9 65,9 68,9 73,1 73,2 74,8 81,3 88 88 88 . 88 88 88 88 . 88 88 88 88 88 72,3 76,2 79,5 79,5 39,7 36,3 25,5 35,8 35,8 . 35,8 35,8 16,3 9,2 3,5
104,1 84,1 73,2 68,4 62,8 61 57,7 57,5 57,3 65,2 65,9 66,1 66,4 67,9 73,1 79,6 80,6 80,6 80,6 80,6 80,6 83,8 86,8 86,9 88,2 96,2 100,8 100,8 100,8 . 100,8 100,8 100,8 100,8 . 100,8 100,8 100,8 100,8 100,8 82,4 87,4 90,7 90,7 55,6 51,5 40,6 52,5 52,5 . 52,5 52,5 33,2 26,5 17,6 13,5
104,1 84,1 73,2 68,4 62,8 61 57,7 57,5 57,3 65,2 65,9 66,1 66,4 67,9 73,1 79,6 80,6 80,6 80,6 80,6 80,6 83,8 86,8 86,9 88,2 96,2 100,8 100,8 100,8 . 100,8 100,8 100,8 100,8 . 100,8 100,8 100,8 100,8 100,8 82,4 87,4 90,7 90,7 55,6 51,5 40,6 52,5 52,5 . 52,5 52,5 33,2 26,5 17,6 13,5 .
. . . . . . . . . . . . . . . . . . . . . . . . . . . . . . . . . . . . . . . . . . . . . . . . . . . . . . . . . 0
. . . . . . . . . . . . . . . . . . . . . . . . . . . . . . . . . . . . . . . . . . . . . . . . . . . . . . . . . 0 .
104,1 84,1 73,2 68,4 62,8 61 57,7 57,5 57,3 65,2 65,9 66,1 66,4 67,9 73,1 79,6 80,6 80,6 80,6 80,6 80,6 83,8 86,8 86,9 88,2 96,2 100,8 100,8 100,8 . 100,8 100,8 100,8 100,8 . 100,8 100,8 100,8 100,8 100,8 82,4 87,4 90,7 90,7 55,6 51,5 40,6 52,5 52,5 . 52,5 52,5 33,2 26,5 17,6 13,5 . 0 0 0
104,1 84,1 73,2 68,4 62,8 61 57,7 57,5 57,3 65,2 65,9 66,1 66,4 67,9 73,1 79,6 80,6 80,6 80,6 80,6 80,6 83,8 86,8 86,9 88,2 96,2 100,8 100,8 100,8 . 100,8 100,8 100,8 100,8 . 100,8 100,8 100,8 100,8 100,8 82,4 87,4 90,7 90,7 55,6 51,5 40,6 52,5 52,5 . 52,5 52,5 33,2 26,5 17,6 13,5 . 0 0 0 0
104,1 84,1 73,2 68,4 62,8 61 57,7 57,5 57,3 65,2 65,9 66,1 66,4 67,9 73,1 79,6 80,6 80,6 80,6 80,6 80,6 83,8 86,8 86,9 88,2 96,2 100,8 100,8 100,8 . 100,8 100,8 100,8 100,8 . 100,8 100,8 100,8 100,8 100,8 82,4 87,4 90,7 90,7 55,6 51,5 40,6 52,5 52,5 . 52,5 52,5 33,2 26,5 17,6 13,5 . 0 0 0 0 0
104,1 84,1 73,2 68,4 62,8 61 57,7 57,5 57,3 65,2 65,9 66,1 66,4 67,9 73,1 79,6 80,6 80,6 80,6 80,6 80,6 83,8 86,8 86,9 88,2 96,2 100,8 100,8 100,8 . 100,8 100,8 100,8 100,8 . 100,8 100,8 100,8 100,8 100,8 82,4 87,4 90,7 90,7 55,6 51,5 40,6 52,5 52,5 . 52,5 52,5 33,2 26,5 17,6 13,5 . 0 0 0 0 0 0
104,1 84,1 73,2 68,4 62,8 61 57,7 57,5 57,3 65,2 65,9 66,1 66,4 67,9 73,1 79,6 80,6 80,6 80,6 80,6 80,6 83,8 86,8 86,9 88,2 96,2 100,8 100,8 100,8 . 100,8 100,8 100,8 100,8 . 100,8 100,8 100,8 100,8 100,8 82,4 87,4 90,7 90,7 55,6 51,5 40,6 52,5 52,5 . 52,5 52,5 33,2 26,5 17,6 13,5 . 0 0 0 0 0 0 .
