6,8
12,4 4,3
14,7 4,8 1,5
17,6 7,8 3,9 2,2
19,9 9,7 5,2 3,9 1,2
21,5 13 7,6 6 3 2,2
26,2 17,7 12,3 10,7 7,7 6,9 4,7
30,4 21,9 16,5 14,9 11,9 11,1 8,9 2,8
31,8 23,3 17,9 16,3 13,3 12,5 10,3 4,6 1,1
33,9 25,4 20 18,4 15,4 14,6 12,4 8,1 3,8 2,6
38 29,5 24,1 22,5 19,5 18,7 16,5 10,8 6,2 5 1,6
38,1 29,6 24,2 22,6 19,6 18,8 16,6 11,2 6,5 5,5 2,2 0,6
40,2 31,7 26,3 24,7 21,7 20,9 18,7 13,4 10,3 7,9 5,5 3 2,4
44,1 35,6 30,2 28,6 25,6 24,8 22,6 16,2 13 11,5 8 4,8 4,7 2,1
45,2 36,7 31,3 29,7 26,7 25,9 23,7 18,7 13,7 12,5 10,9 7,7 7,4 5,5 2,6
45,7 37,2 31,8 30,2 27,2 26,4 24,2 20,1 16,7 15,7 13,1 11 10,7 8,7 6,7 5,1
45,7 37,2 31,8 30,2 27,2 26,4 24,2 20,1 16,7 15,7 13,1 11 10,7 8,7 6,7 5,1 0
45,7 37,2 31,8 30,2 27,2 26,4 24,2 20,1 16,7 15,7 13,1 11 10,7 8,7 6,7 5,1 0 0
45,7 37,2 31,8 30,2 27,2 26,4 24,2 20,1 16,7 15,7 13,1 11 10,7 8,7 6,7 5,1 0 0 0
45,7 37,2 31,8 30,2 27,2 26,4 24,2 20,1 16,7 15,7 13,1 11 10,7 8,7 6,7 5,1 . . . .
47,9 39,4 34 32,4 29,4 28,6 26,4 21,1 18,1 16,4 13,1 11,4 10,3 8,6 5,4 2,3 7,6 7,6 7,6 7,6 7,6
48,1 39,6 34,2 32,6 29,6 28,8 26,6 22,8 18,6 17,3 15,5 13,5 12,7 10,8 7,3 4,1 9,6 9,6 9,6 9,6 9,6 0,9
48,3 39,8 34,4 32,8 29,8 29 26,8 23 18,8 17,4 15,7 13,7 12,8 10,9 7,8 4,9 9,8 9,8 9,8 9,8 9,8 2,6 1,5
48,5 40 34,6 33 30 29,2 27 23,5 20,3 18,3 17,2 15,3 14,7 13,9 10,6 7,8 12,8 12,8 12,8 12,8 12,8 4,4 2,9 1,2
50,4 41,9 36,5 34,9 31,9 31,1 28,9 26,5 22,4 20,8 19,8 18,8 18,4 17,2 13,2 9,9 15,6 15,6 15,6 15,6 15,6 7,6 5,2 4,6 2,6
53,7 45,2 39,8 38,2 35,2 34,4 32,2 29,3 26,1 24,9 23,9 22,6 22,4 22,3 18,1 14,8 20,2 20,2 20,2 20,2 20,2 12,1 10 9,6 7,1 4,1
53,7 45,2 39,8 38,2 35,2 34,4 32,2 29,3 26,1 24,9 23,9 22,6 22,4 22,3 18,1 14,8 20,2 20,2 20,2 20,2 20,2 12,1 10 9,6 7,1 4,1 .
53,7 45,2 39,8 38,2 35,2 34,4 32,2 29,3 26,1 24,9 23,9 22,6 22,4 22,3 18,1 14,8 20,2 20,2 20,2 20,2 20,2 12,1 10 9,6 7,1 4,1 . 1,2
. . . . . . . . . . . . . . . . . . . . . . . . . . . . .
53,7 45,2 39,8 38,2 35,2 34,4 32,2 29,3 26,1 24,9 23,9 22,6 22,4 22,3 18,1 14,8 20,2 20,2 20,2 20,2 20,2 12,1 10 9,6 7,1 4,1 . 1,2 0 0
53,7 45,2 39,8 38,2 35,2 34,4 32,2 29,3 26,1 24,9 23,9 22,6 22,4 22,3 18,1 14,8 20,2 20,2 20,2 20,2 20,2 12,1 10 9,6 7,1 4,1 . 1,2 0 0 0
53,7 45,2 39,8 38,2 35,2 34,4 32,2 29,3 26,1 24,9 23,9 22,6 22,4 22,3 18,1 14,8 20,2 20,2 20,2 20,2 20,2 12,1 10 9,6 7,1 4,1 . 1,2 0 0 0 0
53,7 45,2 39,8 38,2 35,2 34,4 32,2 29,3 26,1 24,9 23,9 22,6 22,4 22,3 18,1 14,8 20,2 20,2 20,2 20,2 20,2 12,1 10 9,6 7,1 4,1 . 1,2 0 0 0 0 0
. . . . . . . . . . . . . . . . . . . . . . . . . . . . . . 0 0 0 0
53,7 45,2 39,8 38,2 35,2 34,4 32,2 29,3 26,1 24,9 23,9 22,6 22,4 22,3 18,1 14,8 20,2 20,2 20,2 20,2 20,2 12,1 10 9,6 7,1 4,1 . 1,2 0 0 0 0 0 0 0
53,7 45,2 39,8 38,2 35,2 34,4 32,2 29,3 26,1 24,9 23,9 22,6 22,4 22,3 18,1 14,8 20,2 20,2 20,2 20,2 20,2 12,1 10 9,6 7,1 4,1 . 1,2 0 0 0 0 0 0 0 0
53,7 45,2 39,8 38,2 35,2 34,4 32,2 29,3 26,1 24,9 23,9 22,6 22,4 22,3 18,1 14,8 20,2 20,2 20,2 20,2 20,2 12,1 10 9,6 7,1 4,1 . 1,2 0 0 0 0 0 0 0 0 0
53,7 45,2 39,8 38,2 35,2 34,4 32,2 29,3 26,1 24,9 23,9 22,6 22,4 22,3 18,1 14,8 20,2 20,2 20,2 20,2 20,2 12,1 10 9,6 7,1 4,1 . 1,2 0 0 0 0 0 0 0 0 0 0
53,7 45,2 39,8 38,2 35,2 34,4 32,2 29,3 26,1 24,9 23,9 22,6 22,4 22,3 18,1 14,8 20,2 20,2 20,2 20,2 20,2 12,1 10 9,6 7,1 4,1 . 1,2 0 0 0 0 0 0 0 0 0 0 0
47,8 39,3 33,9 32,3 29,3 28,5 26,3 22 19,2 17,5 15 11,6 11,1 9,5 6,5 3,5 7,6 7,6 7,6 7,6 7,6 5,5 6,9 7,7 10,3 12,9 17,2 17,2 17,2 . 17,2 17,2 17,2 17,2 . 17,2 17,2 17,2 17,2 17,2
48 39,5 34,1 32,5 29,5 28,7 26,5 25 22,3 20,3 17,9 14,3 13,5 12,2 9 5,7 10,8 10,8 10,8 10,8 10,8 8,3 9,3 10 11,7 14,3 18,4 18,4 18,4 . 18,4 18,4 18,4 18,4 . 18,4 18,4 18,4 18,4 18,4 2
48,2 39,7 34,3 32,7 29,7 28,9 26,7 25,4 23,2 21,2 18,7 15,5 15,3 15,1 10,8 7,5 11,8 11,8 11,8 11,8 11,8 9,2 10,8 11 11,8 14,5 18,5 18,5 18,5 . 18,5 18,5 18,5 18,5 . 18,5 18,5 18,5 18,5 18,5 3,4 1,4
48,2 39,7 34,3 32,7 29,7 28,9 26,7 25,4 23,2 21,2 18,7 15,5 15,3 15,1 10,8 7,5 11,8 11,8 11,8 11,8 11,8 9,2 10,8 11 11,8 14,5 18,5 18,5 18,5 . 18,5 18,5 18,5 18,5 . 18,5 18,5 18,5 18,5 18,5 3,4 1,4 .
30,9 22,4 17 15,4 12,4 11,6 9,4 3,1 1 2,7 4,9 7,8 8,3 11,3 13,3 16,4 17,9 17,9 17,9 17,9 17,9 19,3 20,3 20,4 20,8 23,6 27,6 27,6 27,6 . 27,6 27,6 27,6 27,6 . 27,6 27,6 27,6 27,6 27,6 19,6 22,9 23,4 23,4
33,4 24,9 19,5 17,9 14,9 14,1 11,9 4,3 2,6 4,4 6,3 8,5 9,4 11,5 14,1 16,6 19,4 19,4 19,4 19,4 19,4 19,5 21,1 21,2 21,9 25 28,4 28,4 28,4 . 28,4 28,4 28,4 28,4 . 28,4 28,4 28,4 28,4 28,4 20,1 23,8 24 24 1,3
38,1 29,6 24,2 22,6 19,6 18,8 16,6 9,3 7,1 10,5 11,3 13,9 14,4 17,5 20,3 21,5 23,8 23,8 23,8 23,8 23,8 24,2 27,1 27,2 27,6 30,2 33,9 33,9 33,9 . 33,9 33,9 33,9 33,9 . 33,9 33,9 33,9 33,9 33,9 25,3 28,7 30,1 30,1 5,5 4,2
. . . . . . . . . . . . . . . . . . . . . . . . . . . . . . . . . . . . . . . . . . . . . . .
. . . . . . . . . . . . . . . . . . . . . . . . . . . . . . . . . . . . . . . . . . . . . . . 0
. . . . . . . . . . . . . . . . . . . . . . . . . . . . . . . . . . . . . . . . . . . . . . . 1,2 1,2
. . . . . . . . . . . . . . . . . . . . . . . . . . . . . . . . . . . . . . . . . . . . . . . . . .
. . . . . . . . . . . . . . . . . . . . . . . . . . . . . . . . . . . . . . . . . . . . . . . . . . .
43,1 34,6 29,2 27,6 24,6 23,8 21,6 14,6 11,6 15,2 15,4 17,5 18,3 20,5 23,9 25,1 27 27 27 27 27 27,7 30,4 30,5 31,6 34,2 38 38 38 . 38 38 38 38 . 38 38 38 38 38 28,8 30,8 32,6 32,6 9,9 8,8 3,5 6,9 6,9 . 6,9 6,9
46,5 38 32,6 31 28 27,2 25 17,6 15,5 18,9 19,5 20,6 21,4 23,8 27,5 28,3 30,4 30,4 30,4 30,4 30,4 30,4 33,9 34 34,4 37,2 41,5 41,5 41,5 . 41,5 41,5 41,5 41,5 . 41,5 41,5 41,5 41,5 41,5 32 34,3 36 36 13,6 13 6,1 11,1 11,1 . 11,1 11,1 2,6
50,4 41,9 36,5 34,9 31,9 31,1 28,9 21,5 20,3 23,5 24 24,3 24,9 27,2 30,5 31,6 33,1 33,1 33,1 33,1 33,1 33,6 36,7 36,8 37,3 40,5 44,4 44,4 44,4 . 44,4 44,4 44,4 44,4 . 44,4 44,4 44,4 44,4 44,4 35,2 37,6 39,7 39,7 17,9 16,8 10,3 16,1 16,1 . 16,1 16,1 6,1 2,8
51,8 43,3 37,9 36,3 33,3 32,5 30,3 24 22,5 25,9 26,5 27,3 27,9 29 32,9 33,7 35 35 35 35 35 35,9 38,4 38,5 39,7 42,6 46,9 46,9 46,9 . 46,9 46,9 46,9 46,9 . 46,9 46,9 46,9 46,9 46,9 36,8 40,1 42,3 42,3 21,2 19,6 13,2 18,7 18,7 . 18,7 18,7 8,8 4,5 1,8
53 44,5 39,1 37,5 34,5 33,7 31,5 30,6 30,5 34,8 35,2 36,2 36,9 37,8 40 42,6 43 43 43 43 43 44,8 47,2 47,3 48,1 51,5 53,7 53,7 53,7 . 53,7 53,7 53,7 53,7 . 53,7 53,7 53,7 53,7 53,7 45,1 47,5 50,2 50,2 29,2 28,7 21,6 27,3 27,3 . 27,3 27,3 17,9 13,5 9,4 6,5
53 44,5 39,1 37,5 34,5 33,7 31,5 30,6 30,5 34,8 35,2 36,2 36,9 37,8 40 42,6 43 43 43 43 43 44,8 47,2 47,3 48,1 51,5 53,7 53,7 53,7 . 53,7 53,7 53,7 53,7 . 53,7 53,7 53,7 53,7 53,7 45,1 47,5 50,2 50,2 29,2 28,7 21,6 27,3 27,3 . 27,3 27,3 17,9 13,5 9,4 6,5 .
. . . . . . . . . . . . . . . . . . . . . . . . . . . . . . . . . . . . . . . . . . . . . . . . . . . . . . . . . 0
. . . . . . . . . . . . . . . . . . . . . . . . . . . . . . . . . . . . . . . . . . . . . . . . . . . . . . . . . 0 .
53 44,5 39,1 37,5 34,5 33,7 31,5 30,6 30,5 34,8 35,2 36,2 36,9 37,8 40 42,6 43 43 43 43 43 44,8 47,2 47,3 48,1 51,5 53,7 53,7 53,7 . 53,7 53,7 53,7 53,7 . 53,7 53,7 53,7 53,7 53,7 45,1 47,5 50,2 50,2 29,2 28,7 21,6 27,3 27,3 . 27,3 27,3 17,9 13,5 9,4 6,5 . 0 0 0
53 44,5 39,1 37,5 34,5 33,7 31,5 30,6 30,5 34,8 35,2 36,2 36,9 37,8 40 42,6 43 43 43 43 43 44,8 47,2 47,3 48,1 51,5 53,7 53,7 53,7 . 53,7 53,7 53,7 53,7 . 53,7 53,7 53,7 53,7 53,7 45,1 47,5 50,2 50,2 29,2 28,7 21,6 27,3 27,3 . 27,3 27,3 17,9 13,5 9,4 6,5 . 0 0 0 0
53 44,5 39,1 37,5 34,5 33,7 31,5 30,6 30,5 34,8 35,2 36,2 36,9 37,8 40 42,6 43 43 43 43 43 44,8 47,2 47,3 48,1 51,5 53,7 53,7 53,7 . 53,7 53,7 53,7 53,7 . 53,7 53,7 53,7 53,7 53,7 45,1 47,5 50,2 50,2 29,2 28,7 21,6 27,3 27,3 . 27,3 27,3 17,9 13,5 9,4 6,5 . 0 0 0 0 0
53 44,5 39,1 37,5 34,5 33,7 31,5 30,6 30,5 34,8 35,2 36,2 36,9 37,8 40 42,6 43 43 43 43 43 44,8 47,2 47,3 48,1 51,5 53,7 53,7 53,7 . 53,7 53,7 53,7 53,7 . 53,7 53,7 53,7 53,7 53,7 45,1 47,5 50,2 50,2 29,2 28,7 21,6 27,3 27,3 . 27,3 27,3 17,9 13,5 9,4 6,5 . 0 0 0 0 0 0
53 44,5 39,1 37,5 34,5 33,7 31,5 30,6 30,5 34,8 35,2 36,2 36,9 37,8 40 42,6 43 43 43 43 43 44,8 47,2 47,3 48,1 51,5 53,7 53,7 53,7 . 53,7 53,7 53,7 53,7 . 53,7 53,7 53,7 53,7 53,7 45,1 47,5 50,2 50,2 29,2 28,7 21,6 27,3 27,3 . 27,3 27,3 17,9 13,5 9,4 6,5 . 0 0 0 0 0 0 .
