10,2
20,9 8,8
24,2 9,1 2,5
28 13,1 5,7 3,8
31,6 17,9 8,5 5,3 1,5
34,5 20,1 13,2 8,6 5 3,2
41,2 26,8 19,9 15,3 11,7 9,9 6,7
48 33,6 26,7 22,1 18,5 16,7 13,5 4,5
49,4 35 28,1 23,5 19,9 18,1 14,9 6,5 2
53,1 38,7 31,8 27,2 23,6 21,8 18,6 11,7 5,8 4,6
56,3 41,9 35 30,4 26,8 25 21,8 14,1 9,3 7,2 2,1
57,9 43,5 36,6 32 28,4 26,6 23,4 15,2 10,2 7,7 3,7 1
61,8 47,4 40,5 35,9 32,3 30,5 27,3 20 14,1 12 7,8 4,4 3,6
65,6 51,2 44,3 39,7 36,1 34,3 31,1 22,6 18,7 14,9 10,8 7,4 6,6 3,1
68 53,6 46,7 42,1 38,5 36,7 33,5 26,8 20,4 18,5 14,6 11,5 10,9 7,9 4,1
68,3 53,9 47 42,4 38,8 37 33,8 28,8 24,5 22 18,5 16,3 15,3 11,9 10,1 6,8
68,3 53,9 47 42,4 38,8 37 33,8 28,8 24,5 22 18,5 16,3 15,3 11,9 10,1 6,8 0
68,3 53,9 47 42,4 38,8 37 33,8 28,8 24,5 22 18,5 16,3 15,3 11,9 10,1 6,8 0 0
68,3 53,9 47 42,4 38,8 37 33,8 28,8 24,5 22 18,5 16,3 15,3 11,9 10,1 6,8 0 0 0
68,3 53,9 47 42,4 38,8 37 33,8 28,8 24,5 22 18,5 16,3 15,3 11,9 10,1 6,8 . . . .
71,2 56,8 49,9 45,3 41,7 39,9 36,7 31 25,3 24,6 18,5 15,8 14,7 12,2 8,3 3,5 10,7 10,7 10,7 10,7 10,7
71,4 57 50,1 45,5 41,9 40,1 36,9 31,9 26,8 24,4 21,5 19,3 18 15 11,3 6 12,9 12,9 12,9 12,9 12,9 1,5
71,6 57,2 50,3 45,7 42,1 40,3 37,1 32,1 27 24,6 21,7 19,5 18,2 15,2 11,5 7,4 13,1 13,1 13,1 13,1 13,1 4 2,1
73,3 58,9 52 47,4 43,8 42 38,8 34,1 28,2 26,7 23,1 22 20,9 19,7 14,2 11,1 18,3 18,3 18,3 18,3 18,3 6,2 4,1 2,1
76,7 62,3 55,4 50,8 47,2 45,4 42,2 37,4 32,1 29,9 28,7 26,4 25,6 23,8 18,7 14 22,4 22,4 22,4 22,4 22,4 11,3 7,6 7,1 4,2
81 66,6 59,7 55,1 51,5 49,7 46,5 42,5 37,7 35,2 34,2 33,4 31 30,9 25,9 20,9 27,1 27,1 27,1 27,1 27,1 18 13,7 13,5 10,3 6
81 66,6 59,7 55,1 51,5 49,7 46,5 42,5 37,7 35,2 34,2 33,4 31 30,9 25,9 20,9 27,1 27,1 27,1 27,1 27,1 18 13,7 13,5 10,3 6 .
81 66,6 59,7 55,1 51,5 49,7 46,5 42,5 37,7 35,2 34,2 33,4 31 30,9 25,9 20,9 27,1 27,1 27,1 27,1 27,1 18 13,7 13,5 10,3 6 . 1,8
. . . . . . . . . . . . . . . . . . . . . . . . . . . . .
81 66,6 59,7 55,1 51,5 49,7 46,5 42,5 37,7 35,2 34,2 33,4 31 30,9 25,9 20,9 27,1 27,1 27,1 27,1 27,1 18 13,7 13,5 10,3 6 . 1,8 0 0
81 66,6 59,7 55,1 51,5 49,7 46,5 42,5 37,7 35,2 34,2 33,4 31 30,9 25,9 20,9 27,1 27,1 27,1 27,1 27,1 18 13,7 13,5 10,3 6 . 1,8 0 0 0
81 66,6 59,7 55,1 51,5 49,7 46,5 42,5 37,7 35,2 34,2 33,4 31 30,9 25,9 20,9 27,1 27,1 27,1 27,1 27,1 18 13,7 13,5 10,3 6 . 1,8 0 0 0 0
81 66,6 59,7 55,1 51,5 49,7 46,5 42,5 37,7 35,2 34,2 33,4 31 30,9 25,9 20,9 27,1 27,1 27,1 27,1 27,1 18 13,7 13,5 10,3 6 . 1,8 0 0 0 0 0
. . . . . . . . . . . . . . . . . . . . . . . . . . . . . . 0 0 0 0
81 66,6 59,7 55,1 51,5 49,7 46,5 42,5 37,7 35,2 34,2 33,4 31 30,9 25,9 20,9 27,1 27,1 27,1 27,1 27,1 18 13,7 13,5 10,3 6 . 1,8 0 0 0 0 0 0 0
81 66,6 59,7 55,1 51,5 49,7 46,5 42,5 37,7 35,2 34,2 33,4 31 30,9 25,9 20,9 27,1 27,1 27,1 27,1 27,1 18 13,7 13,5 10,3 6 . 1,8 0 0 0 0 0 0 0 0
81 66,6 59,7 55,1 51,5 49,7 46,5 42,5 37,7 35,2 34,2 33,4 31 30,9 25,9 20,9 27,1 27,1 27,1 27,1 27,1 18 13,7 13,5 10,3 6 . 1,8 0 0 0 0 0 0 0 0 0
81 66,6 59,7 55,1 51,5 49,7 46,5 42,5 37,7 35,2 34,2 33,4 31 30,9 25,9 20,9 27,1 27,1 27,1 27,1 27,1 18 13,7 13,5 10,3 6 . 1,8 0 0 0 0 0 0 0 0 0 0
81 66,6 59,7 55,1 51,5 49,7 46,5 42,5 37,7 35,2 34,2 33,4 31 30,9 25,9 20,9 27,1 27,1 27,1 27,1 27,1 18 13,7 13,5 10,3 6 . 1,8 0 0 0 0 0 0 0 0 0 0 0
72,6 58,2 51,3 46,7 43,1 41,3 38,1 31,2 26,9 24,4 20 17,3 17 14,7 9,8 5,4 11 11 11 11 11 8,2 11,1 11,3 14,1 18,8 24 24 24 . 24 24 24 24 . 24 24 24 24 24
72,8 58,4 51,5 46,9 43,3 41,5 38,3 36,5 31 28,1 24,5 21 20,8 19,1 14 8,7 15,3 15,3 15,3 15,3 15,3 12 13,9 14,1 16,5 20,5 25,6 25,6 25,6 . 25,6 25,6 25,6 25,6 . 25,6 25,6 25,6 25,6 25,6 3,2
73 58,6 51,7 47,1 43,5 41,7 38,5 37,2 31,8 30,7 27 23,5 23,2 23 16,2 11,4 17 17 17 17 17 14,4 15,7 15,9 17,2 20,9 25,9 25,9 25,9 . 25,9 25,9 25,9 25,9 . 25,9 25,9 25,9 25,9 25,9 4,9 2,4
73 58,6 51,7 47,1 43,5 41,7 38,5 37,2 31,8 30,7 27 23,5 23,2 23 16,2 11,4 17 17 17 17 17 14,4 15,7 15,9 17,2 20,9 25,9 25,9 25,9 . 25,9 25,9 25,9 25,9 . 25,9 25,9 25,9 25,9 25,9 4,9 2,4 .
47,8 33,4 26,5 21,9 18,3 16,5 13,3 4,8 1,9 4,1 7,6 11,5 12,9 15,7 19 24,4 25,5 25,5 25,5 25,5 25,5 26,9 27,4 27,6 28,6 32,4 38,1 38,1 38,1 . 38,1 38,1 38,1 38,1 . 38,1 38,1 38,1 38,1 38,1 28,3 33,6 34 34
49,9 35,5 28,6 24 20,4 18,6 15,4 6,9 4 6,3 9,6 12,5 14,2 17,5 19,6 24,6 27,9 27,9 27,9 27,9 27,9 27,6 30,6 30,8 31,4 36,2 41,1 41,1 41,1 . 41,1 41,1 41,1 41,1 . 41,1 41,1 41,1 41,1 41,1 28,5 35,2 36,2 36,2 2
56,9 42,5 35,6 31 27,4 25,6 22,4 14,2 10,9 14,3 17,2 19,2 20,2 25,1 28,9 32,4 33,9 33,9 33,9 33,9 33,9 35 37,7 37,9 39,6 43,5 49,1 49,1 49,1 . 49,1 49,1 49,1 49,1 . 49,1 49,1 49,1 49,1 49,1 37,7 39,8 41,8 41,8 8,7 6,4
. . . . . . . . . . . . . . . . . . . . . . . . . . . . . . . . . . . . . . . . . . . . . . .
. . . . . . . . . . . . . . . . . . . . . . . . . . . . . . . . . . . . . . . . . . . . . . . 0
. . . . . . . . . . . . . . . . . . . . . . . . . . . . . . . . . . . . . . . . . . . . . . . 1,9 1,9
. . . . . . . . . . . . . . . . . . . . . . . . . . . . . . . . . . . . . . . . . . . . . . . . . .
. . . . . . . . . . . . . . . . . . . . . . . . . . . . . . . . . . . . . . . . . . . . . . . . . . .
65 50,6 43,7 39,1 35,5 33,7 30,5 19,4 17,2 21,3 22 24,6 25,6 28,8 33,8 35,8 38,8 38,8 38,8 38,8 38,8 38,8 41,8 42 44,9 48,6 54,6 54,6 54,6 . 54,6 54,6 54,6 54,6 . 54,6 54,6 54,6 54,6 54,6 41 44,6 46,5 46,5 16 13,4 5,3 10,9 10,9 . 10,9 10,9
67,6 53,2 46,3 41,7 38,1 36,3 33,1 24,7 23,4 27 27,6 28,6 29,8 33,1 37,9 40,7 43,5 43,5 43,5 43,5 43,5 44,1 47,6 47,8 49 53,9 58,6 58,6 58,6 . 58,6 58,6 58,6 58,6 . 58,6 58,6 58,6 58,6 58,6 45,5 48,7 50,8 50,8 20,4 17,7 9,2 16,1 16,1 . 16,1 16,1 4,2
74,1 59,7 52,8 48,2 44,6 42,8 39,6 30,1 27,6 31,4 32,3 33,8 34,5 39 42,7 45,9 48,1 48,1 48,1 48,1 48,1 47,8 52,1 52,3 53,9 57,4 63,6 63,6 63,6 . 63,6 63,6 63,6 63,6 . 63,6 63,6 63,6 63,6 63,6 50,9 54 56,5 56,5 25,3 23,3 14,7 23 23 . 23 23 9,4 4,3
77,2 62,8 55,9 51,3 47,7 45,9 42,7 33,4 31,1 36,1 36,3 37,1 37,5 41,3 44,8 47,2 49,4 49,4 49,4 49,4 49,4 51,5 54,7 54,9 56,7 59,9 65,2 65,2 65,2 . 65,2 65,2 65,2 65,2 . 65,2 65,2 65,2 65,2 65,2 52,8 57,2 59,8 59,8 29,4 26,7 18,6 26,7 26,7 . 26,7 26,7 12,9 6,8 2,6
78,5 64,1 57,2 52,6 49 47,2 44 43,3 42,1 48,4 48,9 49,2 49,5 53,9 55,1 59,1 60,5 60,5 60,5 60,5 60,5 62,5 67,4 67,7 68,4 70,4 76,3 76,3 76,3 . 76,3 76,3 76,3 76,3 . 76,3 76,3 76,3 76,3 76,3 61,8 66,3 69,9 69,9 41,6 41 30,2 40 40 . 40 40 25,2 20,4 13,3 9,9
78,5 64,1 57,2 52,6 49 47,2 44 43,3 42,1 48,4 48,9 49,2 49,5 53,9 55,1 59,1 60,5 60,5 60,5 60,5 60,5 62,5 67,4 67,7 68,4 70,4 76,3 76,3 76,3 . 76,3 76,3 76,3 76,3 . 76,3 76,3 76,3 76,3 76,3 61,8 66,3 69,9 69,9 41,6 41 30,2 40 40 . 40 40 25,2 20,4 13,3 9,9 .
. . . . . . . . . . . . . . . . . . . . . . . . . . . . . . . . . . . . . . . . . . . . . . . . . . . . . . . . . 0
. . . . . . . . . . . . . . . . . . . . . . . . . . . . . . . . . . . . . . . . . . . . . . . . . . . . . . . . . 0 .
78,5 64,1 57,2 52,6 49 47,2 44 43,3 42,1 48,4 48,9 49,2 49,5 53,9 55,1 59,1 60,5 60,5 60,5 60,5 60,5 62,5 67,4 67,7 68,4 70,4 76,3 76,3 76,3 . 76,3 76,3 76,3 76,3 . 76,3 76,3 76,3 76,3 76,3 61,8 66,3 69,9 69,9 41,6 41 30,2 40 40 . 40 40 25,2 20,4 13,3 9,9 . 0 0 0
78,5 64,1 57,2 52,6 49 47,2 44 43,3 42,1 48,4 48,9 49,2 49,5 53,9 55,1 59,1 60,5 60,5 60,5 60,5 60,5 62,5 67,4 67,7 68,4 70,4 76,3 76,3 76,3 . 76,3 76,3 76,3 76,3 . 76,3 76,3 76,3 76,3 76,3 61,8 66,3 69,9 69,9 41,6 41 30,2 40 40 . 40 40 25,2 20,4 13,3 9,9 . 0 0 0 0
78,5 64,1 57,2 52,6 49 47,2 44 43,3 42,1 48,4 48,9 49,2 49,5 53,9 55,1 59,1 60,5 60,5 60,5 60,5 60,5 62,5 67,4 67,7 68,4 70,4 76,3 76,3 76,3 . 76,3 76,3 76,3 76,3 . 76,3 76,3 76,3 76,3 76,3 61,8 66,3 69,9 69,9 41,6 41 30,2 40 40 . 40 40 25,2 20,4 13,3 9,9 . 0 0 0 0 0
78,5 64,1 57,2 52,6 49 47,2 44 43,3 42,1 48,4 48,9 49,2 49,5 53,9 55,1 59,1 60,5 60,5 60,5 60,5 60,5 62,5 67,4 67,7 68,4 70,4 76,3 76,3 76,3 . 76,3 76,3 76,3 76,3 . 76,3 76,3 76,3 76,3 76,3 61,8 66,3 69,9 69,9 41,6 41 30,2 40 40 . 40 40 25,2 20,4 13,3 9,9 . 0 0 0 0 0 0
78,5 64,1 57,2 52,6 49 47,2 44 43,3 42,1 48,4 48,9 49,2 49,5 53,9 55,1 59,1 60,5 60,5 60,5 60,5 60,5 62,5 67,4 67,7 68,4 70,4 76,3 76,3 76,3 . 76,3 76,3 76,3 76,3 . 76,3 76,3 76,3 76,3 76,3 61,8 66,3 69,9 69,9 41,6 41 30,2 40 40 . 40 40 25,2 20,4 13,3 9,9 . 0 0 0 0 0 0 .
