4,3
8,2 2,6
9 2,8 0,8
11,3 5,2 2,3 1,6
12,2 6 2,9 2,2 0,8
14,6 8,1 4,7 3,9 1,8 1,1
17,7 11,2 7,8 7 4,9 4,2 3,1
20,2 13,7 10,3 9,5 7,4 6,7 5,6 1,7
21,1 14,6 11,2 10,4 8,3 7,6 6,5 2,9 0,7
23,5 17 13,6 12,8 10,7 10 8,9 5,2 2,1 1,6
25 18,5 15,1 14,3 12,2 11,5 10,4 6,2 3,7 3,5 1
25,6 19,1 15,7 14,9 12,8 12,1 11 6,9 4,2 3,8 1,4 0,4
26,8 20,3 16,9 16,1 14 13,3 12,2 8,7 6,1 5,1 3,4 2 1,5
29,4 22,9 19,5 18,7 16,6 15,9 14,8 10,2 8,3 6,8 5 3,2 2,8 1,1
30,3 23,8 20,4 19,6 17,5 16,8 15,7 12,4 9,6 8,7 6,7 4,9 4,6 3,4 1,7
30,6 24,1 20,7 19,9 17,8 17,1 16 13 10,7 10,5 8,4 7,3 7 5,2 4,3 3
30,6 24,1 20,7 19,9 17,8 17,1 16 13 10,7 10,5 8,4 7,3 7 5,2 4,3 3 0
30,6 24,1 20,7 19,9 17,8 17,1 16 13 10,7 10,5 8,4 7,3 7 5,2 4,3 3 0 0
30,6 24,1 20,7 19,9 17,8 17,1 16 13 10,7 10,5 8,4 7,3 7 5,2 4,3 3 0 0 0
30,6 24,1 20,7 19,9 17,8 17,1 16 13 10,7 10,5 8,4 7,3 7 5,2 4,3 3 . . . .
31,1 24,6 21,2 20,4 18,3 17,6 16,5 13,9 11,7 10,5 8,8 7,3 6,8 5,5 3,6 1,5 4,4 4,4 4,4 4,4 4,4
31,3 24,8 21,4 20,6 18,5 17,8 16,7 14,8 12,4 11,1 10 8,8 7,9 6,5 4,4 2,5 5,5 5,5 5,5 5,5 5,5 0,6
31,5 25 21,6 20,8 18,7 18 16,9 15 12,6 11,3 10,2 9 8,2 6,9 4,9 3,3 5,7 5,7 5,7 5,7 5,7 1,7 1
31,7 25,2 21,8 21 18,9 18,2 17,1 15,2 12,8 11,7 10,8 10 9,6 8,9 6,4 4,8 8,1 8,1 8,1 8,1 8,1 2,8 2 0,8
33,2 26,7 23,3 22,5 20,4 19,7 18,6 16,9 14,6 13,7 12,9 12,2 12 10,5 9 6,5 9,7 9,7 9,7 9,7 9,7 4,9 3,6 2,8 1,7
35,6 29,1 25,7 24,9 22,8 22,1 21 19,3 17 15,9 15,4 15 14,9 14,8 12,5 9,8 12,4 12,4 12,4 12,4 12,4 8,2 6,4 5,9 4,4 2,3
35,6 29,1 25,7 24,9 22,8 22,1 21 19,3 17 15,9 15,4 15 14,9 14,8 12,5 9,8 12,4 12,4 12,4 12,4 12,4 8,2 6,4 5,9 4,4 2,3 .
35,6 29,1 25,7 24,9 22,8 22,1 21 19,3 17 15,9 15,4 15 14,9 14,8 12,5 9,8 12,4 12,4 12,4 12,4 12,4 8,2 6,4 5,9 4,4 2,3 . 0,7
. . . . . . . . . . . . . . . . . . . . . . . . . . . . .
35,6 29,1 25,7 24,9 22,8 22,1 21 19,3 17 15,9 15,4 15 14,9 14,8 12,5 9,8 12,4 12,4 12,4 12,4 12,4 8,2 6,4 5,9 4,4 2,3 . 0,7 0 0
35,6 29,1 25,7 24,9 22,8 22,1 21 19,3 17 15,9 15,4 15 14,9 14,8 12,5 9,8 12,4 12,4 12,4 12,4 12,4 8,2 6,4 5,9 4,4 2,3 . 0,7 0 0 0
35,6 29,1 25,7 24,9 22,8 22,1 21 19,3 17 15,9 15,4 15 14,9 14,8 12,5 9,8 12,4 12,4 12,4 12,4 12,4 8,2 6,4 5,9 4,4 2,3 . 0,7 0 0 0 0
35,6 29,1 25,7 24,9 22,8 22,1 21 19,3 17 15,9 15,4 15 14,9 14,8 12,5 9,8 12,4 12,4 12,4 12,4 12,4 8,2 6,4 5,9 4,4 2,3 . 0,7 0 0 0 0 0
. . . . . . . . . . . . . . . . . . . . . . . . . . . . . . 0 0 0 0
35,6 29,1 25,7 24,9 22,8 22,1 21 19,3 17 15,9 15,4 15 14,9 14,8 12,5 9,8 12,4 12,4 12,4 12,4 12,4 8,2 6,4 5,9 4,4 2,3 . 0,7 0 0 0 0 0 0 0
35,6 29,1 25,7 24,9 22,8 22,1 21 19,3 17 15,9 15,4 15 14,9 14,8 12,5 9,8 12,4 12,4 12,4 12,4 12,4 8,2 6,4 5,9 4,4 2,3 . 0,7 0 0 0 0 0 0 0 0
35,6 29,1 25,7 24,9 22,8 22,1 21 19,3 17 15,9 15,4 15 14,9 14,8 12,5 9,8 12,4 12,4 12,4 12,4 12,4 8,2 6,4 5,9 4,4 2,3 . 0,7 0 0 0 0 0 0 0 0 0
35,6 29,1 25,7 24,9 22,8 22,1 21 19,3 17 15,9 15,4 15 14,9 14,8 12,5 9,8 12,4 12,4 12,4 12,4 12,4 8,2 6,4 5,9 4,4 2,3 . 0,7 0 0 0 0 0 0 0 0 0 0
35,6 29,1 25,7 24,9 22,8 22,1 21 19,3 17 15,9 15,4 15 14,9 14,8 12,5 9,8 12,4 12,4 12,4 12,4 12,4 8,2 6,4 5,9 4,4 2,3 . 0,7 0 0 0 0 0 0 0 0 0 0 0
31,7 25,2 21,8 21 18,9 18,2 17,1 14,9 12,6 11,1 9,8 7,8 7,6 6,2 4,2 2,2 4,4 4,4 4,4 4,4 4,4 3,5 4,2 4,9 6,1 8 10,8 10,8 10,8 . 10,8 10,8 10,8 10,8 . 10,8 10,8 10,8 10,8 10,8
31,9 25,4 22 21,2 19,1 18,4 17,3 16,8 14,7 13,8 11,8 9,9 9,8 8 6,2 3,9 6,6 6,6 6,6 6,6 6,6 5,3 6 6,3 7,4 9,4 11,8 11,8 11,8 . 11,8 11,8 11,8 11,8 . 11,8 11,8 11,8 11,8 11,8 1,2
32,1 25,6 22,2 21,4 19,3 18,6 17,5 17,2 15,2 14,1 12,7 10,6 10,4 10 7,3 4,9 8,1 8,1 8,1 8,1 8,1 6 7 7,2 7,7 9,5 11,9 11,9 11,9 . 11,9 11,9 11,9 11,9 . 11,9 11,9 11,9 11,9 11,9 2,2 0,9
32,1 25,6 22,2 21,4 19,3 18,6 17,5 17,2 15,2 14,1 12,7 10,6 10,4 10 7,3 4,9 8,1 8,1 8,1 8,1 8,1 6 7 7,2 7,7 9,5 11,9 11,9 11,9 . 11,9 11,9 11,9 11,9 . 11,9 11,9 11,9 11,9 11,9 2,2 0,9 .
20,3 13,8 10,4 9,6 7,5 6,8 5,7 1,9 0,7 1,5 3,3 5 5,4 7,8 8,9 10,7 11,5 11,5 11,5 11,5 11,5 13 13,3 13,5 13,7 15 17,9 17,9 17,9 . 17,9 17,9 17,9 17,9 . 17,9 17,9 17,9 17,9 17,9 12,9 15,4 16 16
22,7 16,2 12,8 12 9,9 9,2 8,1 2,9 1,6 2,6 4,1 5,2 5,6 8 9,1 10,9 12,8 12,8 12,8 12,8 12,8 13,2 13,9 14,1 14,3 16,4 18,5 18,5 18,5 . 18,5 18,5 18,5 18,5 . 18,5 18,5 18,5 18,5 18,5 13,1 15,6 16,2 16,2 0,8
25,4 18,9 15,5 14,7 12,6 11,9 10,8 6 4,4 6,8 7,5 8,7 9,1 11,1 13 14,5 15,8 15,8 15,8 15,8 15,8 16 17,9 18,1 18,3 19,9 22,5 22,5 22,5 . 22,5 22,5 22,5 22,5 . 22,5 22,5 22,5 22,5 22,5 16,6 18,3 18,9 18,9 3,9 2,4
. . . . . . . . . . . . . . . . . . . . . . . . . . . . . . . . . . . . . . . . . . . . . . .
. . . . . . . . . . . . . . . . . . . . . . . . . . . . . . . . . . . . . . . . . . . . . . . 0
. . . . . . . . . . . . . . . . . . . . . . . . . . . . . . . . . . . . . . . . . . . . . . . 0,7 0,7
. . . . . . . . . . . . . . . . . . . . . . . . . . . . . . . . . . . . . . . . . . . . . . . . . .
. . . . . . . . . . . . . . . . . . . . . . . . . . . . . . . . . . . . . . . . . . . . . . . . . . .
28,9 22,4 19 18,2 16,1 15,4 14,3 9,3 7,4 10,1 10,4 10,9 11,4 13 14,9 16,1 17,6 17,6 17,6 17,6 17,6 18 20,2 20,4 20,6 21,7 24,3 24,3 24,3 . 24,3 24,3 24,3 24,3 . 24,3 24,3 24,3 24,3 24,3 18,3 19,9 21,1 21,1 6,8 5,6 2,3 4,6 4,6 . 4,6 4,6
30,3 23,8 20,4 19,6 17,5 16,8 15,7 11,5 10,1 12,2 12,4 13,4 13,9 15 17 18,2 19,6 19,6 19,6 19,6 19,6 20,8 21,8 22 22,4 24,2 26,6 26,6 26,6 . 26,6 26,6 26,6 26,6 . 26,6 26,6 26,6 26,6 26,6 20,4 22 23,2 23,2 9,3 8,3 4,2 7,3 7,3 . 7,3 7,3 1,6
32,3 25,8 22,4 21,6 19,5 18,8 17,7 13,2 12,7 15,1 15,4 15,6 15,9 18,1 19,2 20,7 22 22 22 22 22 22,1 24,3 24,5 24,7 26,6 29,2 29,2 29,2 . 29,2 29,2 29,2 29,2 . 29,2 29,2 29,2 29,2 29,2 23 24,6 26,4 26,4 11,8 10,8 6,8 10,7 10,7 . 10,7 10,7 4,1 1,9
34 27,5 24,1 23,3 21,2 20,5 19,4 15,3 14,4 17,1 17,4 17,6 17,8 18,7 21,3 22,3 23 23 23 23 23 23,7 25,8 26 26,2 28 30,6 30,6 30,6 . 30,6 30,6 30,6 30,6 . 30,6 30,6 30,6 30,6 30,6 24 25,7 27,6 27,6 13,8 12,9 8,7 12,5 12,5 . 12,5 12,5 5,9 3,3 1
34,6 28,1 24,7 23,9 21,8 21,1 20 19,6 19,5 22,4 23 23,2 23,4 23,7 26,3 26,7 27,4 27,4 27,4 27,4 27,4 28,8 30,7 30,9 31,1 32,6 35 35 35 . 35 35 35 35 . 35 35 35 35 35 29,1 31 33,2 33,2 19 18,4 14,2 18,5 18,5 . 18,5 18,5 11,9 9,2 6,1 4
34,6 28,1 24,7 23,9 21,8 21,1 20 19,6 19,5 22,4 23 23,2 23,4 23,7 26,3 26,7 27,4 27,4 27,4 27,4 27,4 28,8 30,7 30,9 31,1 32,6 35 35 35 . 35 35 35 35 . 35 35 35 35 35 29,1 31 33,2 33,2 19 18,4 14,2 18,5 18,5 . 18,5 18,5 11,9 9,2 6,1 4 .
. . . . . . . . . . . . . . . . . . . . . . . . . . . . . . . . . . . . . . . . . . . . . . . . . . . . . . . . . 0
. . . . . . . . . . . . . . . . . . . . . . . . . . . . . . . . . . . . . . . . . . . . . . . . . . . . . . . . . 0 .
34,6 28,1 24,7 23,9 21,8 21,1 20 19,6 19,5 22,4 23 23,2 23,4 23,7 26,3 26,7 27,4 27,4 27,4 27,4 27,4 28,8 30,7 30,9 31,1 32,6 35 35 35 . 35 35 35 35 . 35 35 35 35 35 29,1 31 33,2 33,2 19 18,4 14,2 18,5 18,5 . 18,5 18,5 11,9 9,2 6,1 4 . 0 0 0
34,6 28,1 24,7 23,9 21,8 21,1 20 19,6 19,5 22,4 23 23,2 23,4 23,7 26,3 26,7 27,4 27,4 27,4 27,4 27,4 28,8 30,7 30,9 31,1 32,6 35 35 35 . 35 35 35 35 . 35 35 35 35 35 29,1 31 33,2 33,2 19 18,4 14,2 18,5 18,5 . 18,5 18,5 11,9 9,2 6,1 4 . 0 0 0 0
34,6 28,1 24,7 23,9 21,8 21,1 20 19,6 19,5 22,4 23 23,2 23,4 23,7 26,3 26,7 27,4 27,4 27,4 27,4 27,4 28,8 30,7 30,9 31,1 32,6 35 35 35 . 35 35 35 35 . 35 35 35 35 35 29,1 31 33,2 33,2 19 18,4 14,2 18,5 18,5 . 18,5 18,5 11,9 9,2 6,1 4 . 0 0 0 0 0
34,6 28,1 24,7 23,9 21,8 21,1 20 19,6 19,5 22,4 23 23,2 23,4 23,7 26,3 26,7 27,4 27,4 27,4 27,4 27,4 28,8 30,7 30,9 31,1 32,6 35 35 35 . 35 35 35 35 . 35 35 35 35 35 29,1 31 33,2 33,2 19 18,4 14,2 18,5 18,5 . 18,5 18,5 11,9 9,2 6,1 4 . 0 0 0 0 0 0
34,6 28,1 24,7 23,9 21,8 21,1 20 19,6 19,5 22,4 23 23,2 23,4 23,7 26,3 26,7 27,4 27,4 27,4 27,4 27,4 28,8 30,7 30,9 31,1 32,6 35 35 35 . 35 35 35 35 . 35 35 35 35 35 29,1 31 33,2 33,2 19 18,4 14,2 18,5 18,5 . 18,5 18,5 11,9 9,2 6,1 4 . 0 0 0 0 0 0 .
