0
0 .
0 . 0
0 . 0 0
0 . 0 0 0
0 . 0 0 0 0
0 . 0 0 0 0 0
. . . . . . . .
0 . 0 0 0 0 0 0 .
1,1 . 1,1 1,1 1,1 1,1 1,1 1,1 1,1 .
1,2 . 1,2 1,2 1,2 1,2 1,2 1,2 1,2 . 1,2
. . . . . . . . . . . .
. . . . . . . . . . . . .
2,6 . 2,6 2,6 2,6 2,6 2,6 2,6 2,6 . . 2,6 2,6 0,4
4,1 . 4,1 4,1 4,1 4,1 4,1 4,1 4,1 . . 4,1 4,1 1,9 1,7
5,7 . 5,7 5,7 5,7 5,7 5,7 5,7 5,7 . . 5,7 5,7 2,9 2,3 0,6
5,9 . 5,9 5,9 5,9 5,9 5,9 5,9 5,9 . . 5,9 5,9 3,1 2,6 1 0,5
7,5 . 7,5 7,5 7,5 7,5 7,5 7,5 7,5 . . 7,5 7,5 4,6 3,8 2,2 1,4 1,1
8,4 . 8,4 8,4 8,4 8,4 8,4 8,4 8,4 . . 8,4 8,4 5,2 4,5 2,9 2 1,8 0,4
9,7 . 9,7 9,7 9,7 9,7 9,7 9,7 9,7 . . 9,7 9,7 6,6 6 4,3 3,5 3,3 2,1 1
10,7 . 10,7 10,7 10,7 10,7 10,7 10,7 10,7 . . 10,7 10,7 7,7 7 5,3 4,5 4,3 3,1 2,2 1,1
. . . . . . . . . . . . . . . . . . . . . .
12,1 . 12,1 12,1 12,1 12,1 12,1 12,1 12,1 . . 12,1 12,1 9 8,4 6,9 6,2 6 4,6 3,8 2,1 1,3 0,3
12,8 . 12,8 12,8 12,8 12,8 12,8 12,8 12,8 . . 12,8 12,8 9,9 9,1 7,5 6,7 6,6 5,1 4,5 2,3 1,5 0,5 0,3
13,9 . 13,9 13,9 13,9 13,9 13,9 13,9 13,9 . . 13,9 13,9 11 10,2 8,6 7,2 7,1 6,2 5,6 3,2 2,4 1,3 1,2 0,8
14,3 . 14,3 14,3 14,3 14,3 14,3 14,3 14,3 . . 14,3 14,3 11,4 10,7 9,1 8,3 8,2 6,5 5,8 4,2 3,5 1,8 1,7 1,5 0,5
14,6 . 14,6 14,6 14,6 14,6 14,6 14,6 14,6 . . 14,6 14,6 11,6 10,8 9,2 8,5 8,4 6,8 5,9 4,3 3,7 2,5 2,4 2,2 1,3 0,6
16,4 . 16,4 16,4 16,4 16,4 16,4 16,4 16,4 . . 16,4 16,4 13,3 12,7 11,1 9,7 9,6 8,1 7 5,5 4,7 3,5 3,3 3,2 2,1 1,4 0,5
16,5 . 16,5 16,5 16,5 16,5 16,5 16,5 16,5 . . 16,5 16,5 13,4 12,8 11,2 10,2 10,1 8,8 7,9 6,1 5,4 3,8 3,6 3,5 2,5 2 1 0,4
16,6 . 16,6 16,6 16,6 16,6 16,6 16,6 16,6 . . 16,6 16,6 13,5 12,9 11,3 10,4 10,3 9 8,3 6,2 5,6 4 3,9 3,8 2,9 2,3 1,4 0,8 .
16,7 . 16,7 16,7 16,7 16,7 16,7 16,7 16,7 . . 16,7 16,7 13,6 13 11,4 10,5 10,4 9,1 8,4 6,3 5,7 4,2 4,1 3,9 3,1 2,4 1,5 0,9 . .
17,6 . 17,6 17,6 17,6 17,6 17,6 17,6 17,6 . . 17,6 17,6 14,4 13,9 12,3 11,5 11,4 9,9 9 6,9 6,1 4,9 4,8 4,7 3,9 3,1 1,9 1,3 . . 0,3
18 . 18 18 18 18 18 18 18 . . 18 18 15,1 14,5 12,9 11,7 11,6 10,6 9,9 7,7 7 5,7 5,6 5,5 4,7 4,2 3,3 2,2 . . 1,3 0,9
18 . 18 18 18 18 18 18 18 . . 18 18 15,1 14,5 12,9 11,7 11,6 10,6 9,9 7,7 7 5,7 5,6 5,5 4,7 4,2 3,3 2,2 . . 1,3 0,9 .
17 . 17 17 17 17 17 17 17 . . 17 17 14,9 14,3 12,7 12,1 11,8 10,3 9,7 7,6 6,9 5,5 5,4 5,3 4,3 3,9 2,8 2 . 1,3 1,4 2,2 2,9 2,9
17 . 17 17 17 17 17 17 17 . . 17 17 14,9 14,3 12,7 12,1 11,8 10,3 9,7 7,6 6,9 5,5 5,4 5,3 4,3 3,9 2,8 2 . 1,3 1,4 2,2 2,9 2,9 .
. . . . . . . . . . . . . . . . . . . . . . . . . . . . . . . . . . . . .
17 . 17 17 17 17 17 17 17 . . 17 17 14,9 14,3 12,7 12,1 11,8 10,3 9,7 7,6 6,9 5,5 5,4 5,3 4,3 3,9 2,8 2 . 1,3 1,4 2,2 2,9 2,9 . 1,1 1,1
13,4 . 13,4 13,4 13,4 13,4 13,4 13,4 13,4 . . 13,4 13,4 10,4 9,8 8,2 6,8 6,7 5,7 4,9 2,7 2 1 0,7 . . . . . . . . . . . . . . .
14,4 . 14,4 14,4 14,4 14,4 14,4 14,4 14,4 . . 14,4 14,4 11,5 10,9 9,2 8 7,9 6,3 5,8 3,7 2,8 1,5 1,4 . . . . . . . . . . . . . . . 0,7
16 . 16 16 16 16 16 16 16 . . 16 16 12,8 12,2 10,6 9,6 9,5 7,9 6,8 5 4,2 2,5 2,4 . . . . . . . . . . . . . . . 1,7 1
16,3 . 16,3 16,3 16,3 16,3 16,3 16,3 16,3 . . 16,3 16,3 13,1 12,6 11 9,7 9,6 8,4 7,3 5,4 4,8 3,3 3,2 . . . . . . . . . . . . . . . 2,1 1,4 0,4
16,4 . 16,4 16,4 16,4 16,4 16,4 16,4 16,4 . . 16,4 16,4 13,2 12,7 11,1 9,8 9,7 8,5 7,5 5,5 4,9 3,5 3,4 . . . . . . . . . . . . . . . 2,4 1,5 0,5 0,2
16,5 . 16,5 16,5 16,5 16,5 16,5 16,5 16,5 . . 16,5 16,5 13,4 12,8 11,2 9,9 9,8 8,7 8,1 5,9 5,3 3,9 3,8 . . . . . . . . . . . . . . . 2,6 1,7 0,8 0,5 0,4
17,5 . 17,5 17,5 17,5 17,5 17,5 17,5 17,5 . . 17,5 17,5 14,6 14 12,4 10,9 10,8 9,9 9,1 7,1 6,4 4,6 4,5 . . . . . . . . . . . . . . . 3,9 2,7 1,5 1,4 1,2 0,8
17 . 17 17 17 17 17 17 17 . . 17 17 14,4 13,6 11,9 11 10,8 9,2 8,2 6,9 6,2 4,9 4,8 . . . . . . . . . . . . . . . 3,4 2,4 1,4 1,1 1,2 1,4 2,5
17,2 . 17,2 17,2 17,2 17,2 17,2 17,2 17,2 . . 17,2 17,2 14,7 13,8 12 11,2 11 9,4 8,3 7,1 6,5 5,4 5,2 . . . . . . . . . . . . . . . 3,7 2,8 1,8 1,4 1,5 1,9 2,8 0,3
19 . 19 19 19 19 19 19 19 . . 19 19 16,3 15,7 14 13,2 13 11,2 10,2 8,6 7,8 6,1 6 . . . . . . . . . . . . . . . 5,3 4,2 2,5 2,3 2,4 2,8 4,3 0,9 0,8
19 . 19 19 19 19 19 19 19 . . 19 19 16,3 15,7 14 13,2 13 11,2 10,2 8,6 7,8 6,1 6 . . . . . . . . . . . . . . . 5,3 4,2 2,5 2,3 2,4 2,8 4,3 0,9 0,8 .
19 . 19 19 19 19 19 19 19 . . 19 19 16,3 15,7 14 13,2 13 11,2 10,2 8,6 7,8 6,1 6 . . . . . . . . . . . . . . . 5,3 4,2 2,5 2,3 2,4 2,8 4,3 0,9 0,8 . 0
19 . 19 19 19 19 19 19 19 . . 19 19 16,3 15,7 14 13,2 13 11,2 10,2 8,6 7,8 6,1 6 . . . . . . . . . . . . . . . 5,3 4,2 2,5 2,3 2,4 2,8 4,3 0,9 0,8 . 0 0
19 . 19 19 19 19 19 19 19 . . 19 19 16,3 15,7 14 13,2 13 11,2 10,2 8,6 7,8 6,1 6 . . . . . . . . . . . . . . . 5,3 4,2 2,5 2,3 2,4 2,8 4,3 0,9 0,8 . 0 0 0
19 . 19 19 19 19 19 19 19 . . 19 19 16,3 15,7 14 13,2 13 11,2 10,2 8,6 7,8 6,1 6 . . . . . . . . . . . . . . . 5,3 4,2 2,5 2,3 2,4 2,8 4,3 0,9 0,8 . 0 0 0 0