0
0 .
0 . 0
0 . 0 0
0 . 0 0 0
0 . 0 0 0 0
0 . 0 0 0 0 0
. . . . . . . .
0 . 0 0 0 0 0 0 .
1,1 . 1,1 1,1 1,1 1,1 1,1 1,1 1,1 .
1,9 . 1,9 1,9 1,9 1,9 1,9 1,9 1,9 . 1,9
. . . . . . . . . . . .
. . . . . . . . . . . . .
4,2 . 4,2 4,2 4,2 4,2 4,2 4,2 4,2 . . 4,2 4,2 0,6
6,9 . 6,9 6,9 6,9 6,9 6,9 6,9 6,9 . . 6,9 6,9 3,2 2,7
9 . 9 9 9 9 9 9 9 . . 9 9 4,8 3,7 1
9,2 . 9,2 9,2 9,2 9,2 9,2 9,2 9,2 . . 9,2 9,2 5,1 4,1 1,5 0,7
12,8 . 12,8 12,8 12,8 12,8 12,8 12,8 12,8 . . 12,8 12,8 7,5 6,6 3,9 2,2 1,7
13,8 . 13,8 13,8 13,8 13,8 13,8 13,8 13,8 . . 13,8 13,8 8,4 7,7 4,9 2,9 2,7 0,8
16,6 . 16,6 16,6 16,6 16,6 16,6 16,6 16,6 . . 16,6 16,6 11,2 10,4 7,7 5,6 5,4 3,1 1,7
18,1 . 18,1 18,1 18,1 18,1 18,1 18,1 18,1 . . 18,1 18,1 12,6 12 9,2 7,3 7,1 4,7 3,5 2
. . . . . . . . . . . . . . . . . . . . . .
20,4 . 20,4 20,4 20,4 20,4 20,4 20,4 20,4 . . 20,4 20,4 15,2 14,3 11,3 10,1 9,8 7,1 6,1 3,4 2,1 0,5
22,3 . 22,3 22,3 22,3 22,3 22,3 22,3 22,3 . . 22,3 22,3 17,1 16,2 13,6 11,6 11,3 8,9 6,9 4 2,6 0,9 0,4
23 . 23 23 23 23 23 23 23 . . 23 23 18,1 17,1 14,4 13,1 12,8 10,2 9,2 5,4 4 2,2 2,1 1,6
23,3 . 23,3 23,3 23,3 23,3 23,3 23,3 23,3 . . 23,3 23,3 19,2 17,9 15 13,8 13,6 11 9,8 6,7 5,4 2,8 2,7 2,5 0,8
23,7 . 23,7 23,7 23,7 23,7 23,7 23,7 23,7 . . 23,7 23,7 19,7 18,7 15,5 14,2 13,9 11,3 10 7,1 5,8 4,1 3,7 3,4 2,1 0,9
27 . 27 27 27 27 27 27 27 . . 27 27 22,7 21,8 18,7 16,9 16,6 14 13,1 9,8 8,3 5,9 5,6 5 3,3 2,4 0,8
27,2 . 27,2 27,2 27,2 27,2 27,2 27,2 27,2 . . 27,2 27,2 22,8 21,9 19 17,2 16,9 14,2 13,4 10,3 9,2 6 5,8 5,2 3,9 2,8 1,6 0,6
27,3 . 27,3 27,3 27,3 27,3 27,3 27,3 27,3 . . 27,3 27,3 22,9 22 19,2 18 17,8 14,8 13,9 10,8 9,8 7,1 6,3 6,2 4,8 3,5 2,4 1,2 .
27,4 . 27,4 27,4 27,4 27,4 27,4 27,4 27,4 . . 27,4 27,4 23 22,1 19,3 18,1 17,9 14,9 14 10,9 9,9 7,2 6,4 6,3 4,9 3,7 2,6 1,5 . .
29,1 . 29,1 29,1 29,1 29,1 29,1 29,1 29,1 . . 29,1 29,1 24,7 23,3 20,7 19,5 19,3 16,4 15,3 12,1 10,9 8,4 8,3 8,2 6,4 5,1 3,4 2,1 . . 0,5
29,4 . 29,4 29,4 29,4 29,4 29,4 29,4 29,4 . . 29,4 29,4 25,5 24,3 21,4 19,8 19,6 16,9 16 13,3 12,3 9,3 9 8,9 7,7 5,7 4,8 3,6 . . 2,2 1,6
29,4 . 29,4 29,4 29,4 29,4 29,4 29,4 29,4 . . 29,4 29,4 25,5 24,3 21,4 19,8 19,6 16,9 16 13,3 12,3 9,3 9 8,9 7,7 5,7 4,8 3,6 . . 2,2 1,6 .
28 . 28 28 28 28 28 28 28 . . 28 28 26,1 24,5 21,8 20,4 20,1 16,6 16 13,3 11,9 9,2 9,1 9 7,8 6,4 4,8 3,2 . 2 2,2 3,6 5 5
28 . 28 28 28 28 28 28 28 . . 28 28 26,1 24,5 21,8 20,4 20,1 16,6 16 13,3 11,9 9,2 9,1 9 7,8 6,4 4,8 3,2 . 2 2,2 3,6 5 5 .
. . . . . . . . . . . . . . . . . . . . . . . . . . . . . . . . . . . . .
28 . 28 28 28 28 28 28 28 . . 28 28 26,1 24,5 21,8 20,4 20,1 16,6 16 13,3 11,9 9,2 9,1 9 7,8 6,4 4,8 3,2 . 2 2,2 3,6 5 5 . 2 2
23,1 . 23,1 23,1 23,1 23,1 23,1 23,1 23,1 . . 23,1 23,1 17,7 17,1 14,3 12,6 12,3 9,9 8,5 4,8 3,4 1,6 1,2 . . . . . . . . . . . . . . .
23,9 . 23,9 23,9 23,9 23,9 23,9 23,9 23,9 . . 23,9 23,9 19,3 18,1 15,2 13,8 13,5 10,6 9,8 6,4 4,5 2,6 2,5 . . . . . . . . . . . . . . . 1,4
26,5 . 26,5 26,5 26,5 26,5 26,5 26,5 26,5 . . 26,5 26,5 21,9 20,5 17,7 16,3 16 13,4 12,2 8,8 7,3 4 3,7 . . . . . . . . . . . . . . . 3 1,6
26,8 . 26,8 26,8 26,8 26,8 26,8 26,8 26,8 . . 26,8 26,8 22,3 21,1 18,1 16,9 16,6 13,7 12,6 9,4 8,2 5 4,8 . . . . . . . . . . . . . . . 3,9 2,3 0,6
26,9 . 26,9 26,9 26,9 26,9 26,9 26,9 26,9 . . 26,9 26,9 22,4 21,2 18,2 17 16,7 13,8 12,7 9,5 8,3 5,2 4,9 . . . . . . . . . . . . . . . 4 2,5 0,7 0,3
27 . 27 27 27 27 27 27 27 . . 27 27 22,5 21,9 19,1 17,3 17,1 14,6 13,2 10,3 9,2 6,3 6,2 . . . . . . . . . . . . . . . 4,1 3,1 1,3 0,8 0,7
27,2 . 27,2 27,2 27,2 27,2 27,2 27,2 27,2 . . 27,2 27,2 24,1 23 20,3 18,3 18,1 15,6 14,1 11,7 10,6 7,8 7,7 . . . . . . . . . . . . . . . 5,8 4,3 2,5 2,4 2,2 1,4
28,6 . 28,6 28,6 28,6 28,6 28,6 28,6 28,6 . . 28,6 28,6 24,4 22,9 20,2 18,8 18,3 15,9 14 11,6 10,3 8,1 7,9 . . . . . . . . . . . . . . . 5,2 3,9 2,3 1,8 1,9 2,7 4,3
28,9 . 28,9 28,9 28,9 28,9 28,9 28,9 28,9 . . 28,9 28,9 24,8 23,2 20,5 19 18,7 16,2 14,3 12 10,7 8,5 8,3 . . . . . . . . . . . . . . . 5,6 4,3 2,8 2,4 2,5 3,1 4,8 0,5
32,4 . 32,4 32,4 32,4 32,4 32,4 32,4 32,4 . . 32,4 32,4 28 26,4 23,6 22,6 22,3 19,1 17,6 14,7 13,3 9,5 9,4 . . . . . . . . . . . . . . . 8,7 6,8 4 3,4 3,6 4,6 7,3 1,6 1,3
32,4 . 32,4 32,4 32,4 32,4 32,4 32,4 32,4 . . 32,4 32,4 28 26,4 23,6 22,6 22,3 19,1 17,6 14,7 13,3 9,5 9,4 . . . . . . . . . . . . . . . 8,7 6,8 4 3,4 3,6 4,6 7,3 1,6 1,3 .
32,4 . 32,4 32,4 32,4 32,4 32,4 32,4 32,4 . . 32,4 32,4 28 26,4 23,6 22,6 22,3 19,1 17,6 14,7 13,3 9,5 9,4 . . . . . . . . . . . . . . . 8,7 6,8 4 3,4 3,6 4,6 7,3 1,6 1,3 . 0
32,4 . 32,4 32,4 32,4 32,4 32,4 32,4 32,4 . . 32,4 32,4 28 26,4 23,6 22,6 22,3 19,1 17,6 14,7 13,3 9,5 9,4 . . . . . . . . . . . . . . . 8,7 6,8 4 3,4 3,6 4,6 7,3 1,6 1,3 . 0 0
32,4 . 32,4 32,4 32,4 32,4 32,4 32,4 32,4 . . 32,4 32,4 28 26,4 23,6 22,6 22,3 19,1 17,6 14,7 13,3 9,5 9,4 . . . . . . . . . . . . . . . 8,7 6,8 4 3,4 3,6 4,6 7,3 1,6 1,3 . 0 0 0
32,4 . 32,4 32,4 32,4 32,4 32,4 32,4 32,4 . . 32,4 32,4 28 26,4 23,6 22,6 22,3 19,1 17,6 14,7 13,3 9,5 9,4 . . . . . . . . . . . . . . . 8,7 6,8 4 3,4 3,6 4,6 7,3 1,6 1,3 . 0 0 0 0