0
0 .
0 . 0
0 . 0 0
0 . 0 0 0
0 . 0 0 0 0
0 . 0 0 0 0 0
. . . . . . . .
0 . 0 0 0 0 0 0 .
1,1 . 1,1 1,1 1,1 1,1 1,1 1,1 1,1 .
3,8 . 3,8 3,8 3,8 3,8 3,8 3,8 3,8 . 3,8
. . . . . . . . . . . .
. . . . . . . . . . . . .
12 . 12 12 12 12 12 12 12 . . 12 12 2,4
19,6 . 19,6 19,6 19,6 19,6 19,6 19,6 19,6 . . 19,6 19,6 8,5 8
26,2 . 26,2 26,2 26,2 26,2 26,2 26,2 26,2 . . 26,2 26,2 12,8 10,4 2,8
27,4 . 27,4 27,4 27,4 27,4 27,4 27,4 27,4 . . 27,4 27,4 14,4 12,2 4,8 2,1
36,3 . 36,3 36,3 36,3 36,3 36,3 36,3 36,3 . . 36,3 36,3 20,9 18,5 10,9 6,1 5,6
38,7 . 38,7 38,7 38,7 38,7 38,7 38,7 38,7 . . 38,7 38,7 24,4 20,9 13,3 8,9 8,3 2,4
46,6 . 46,6 46,6 46,6 46,6 46,6 46,6 46,6 . . 46,6 46,6 31,5 28,7 21 16 15,3 8,8 6,2
51 . 51 51 51 51 51 51 51 . . 51 51 35,8 33,1 25,6 20,7 20,1 13,5 10,6 5,9
. . . . . . . . . . . . . . . . . . . . . .
57,5 . 57,5 57,5 57,5 57,5 57,5 57,5 57,5 . . 57,5 57,5 43,6 39,7 32,2 27 26,3 20,8 17,2 8,6 5,7 1,3
60,8 . 60,8 60,8 60,8 60,8 60,8 60,8 60,8 . . 60,8 60,8 46,3 45 37,1 32,7 32,3 23,9 20,8 11,4 7 2,7 2,1
64,2 . 64,2 64,2 64,2 64,2 64,2 64,2 64,2 . . 64,2 64,2 51,7 48,5 40,8 37,2 36,9 30,4 27,6 17,5 12,1 6,5 5,6 4,4
66,8 . 66,8 66,8 66,8 66,8 66,8 66,8 66,8 . . 66,8 66,8 53,2 51,9 44,1 39,2 38,9 33,1 28,8 20,6 16,6 8,4 8 7 2,5
69,7 . 69,7 69,7 69,7 69,7 69,7 69,7 69,7 . . 69,7 69,7 54,5 52,5 44,8 41,1 40,8 33,8 30,3 21,5 17,6 12,3 11,9 10,7 6,1 2,9
77,5 . 77,5 77,5 77,5 77,5 77,5 77,5 77,5 . . 77,5 77,5 61,8 60 52,5 47,7 47,2 38,4 37,5 26,3 22,3 16 15,6 15,3 9,6 6,3 2,8
77,7 . 77,7 77,7 77,7 77,7 77,7 77,7 77,7 . . 77,7 77,7 63,6 62,7 54,8 49,3 48,9 41,8 39,2 30,9 27,4 18,8 17,1 16,4 11,1 7,7 4,3 1,6
79,2 . 79,2 79,2 79,2 79,2 79,2 79,2 79,2 . . 79,2 79,2 66,4 64,2 56,7 52 51,7 44,8 42,3 32,8 28,9 20,8 19,9 19,7 14,8 11,1 6,7 3,5 .
79,5 . 79,5 79,5 79,5 79,5 79,5 79,5 79,5 . . 79,5 79,5 66,7 64,6 57 52,3 52 45 42,6 33,2 29,2 21,1 20,2 20 15 11,4 7,1 4,1 . .
86,1 . 86,1 86,1 86,1 86,1 86,1 86,1 86,1 . . 86,1 86,1 69,5 68,5 60,7 57,1 56,8 49,4 46,2 36,2 32,5 25,2 25 24,1 18,8 16,2 10,1 6,4 . . 1,4
87,3 . 87,3 87,3 87,3 87,3 87,3 87,3 87,3 . . 87,3 87,3 72,7 70,5 62,6 59,3 59 50,5 47,1 40,4 36,2 28,6 27,8 27,4 21,7 18,6 14,6 11,1 . . 6,8 4,1
87,3 . 87,3 87,3 87,3 87,3 87,3 87,3 87,3 . . 87,3 87,3 72,7 70,5 62,6 59,3 59 50,5 47,1 40,4 36,2 28,6 27,8 27,4 21,7 18,6 14,6 11,1 . . 6,8 4,1 .
81,7 . 81,7 81,7 81,7 81,7 81,7 81,7 81,7 . . 81,7 81,7 72,5 70,2 62,4 57,8 57,4 47,6 45,9 38,8 34,9 26,9 25,9 25,7 22,7 18 12,8 9,1 . 7 7,2 11,1 14,4 14,4
81,7 . 81,7 81,7 81,7 81,7 81,7 81,7 81,7 . . 81,7 81,7 72,5 70,2 62,4 57,8 57,4 47,6 45,9 38,8 34,9 26,9 25,9 25,7 22,7 18 12,8 9,1 . 7 7,2 11,1 14,4 14,4 .
. . . . . . . . . . . . . . . . . . . . . . . . . . . . . . . . . . . . .
81,7 . 81,7 81,7 81,7 81,7 81,7 81,7 81,7 . . 81,7 81,7 72,5 70,2 62,4 57,8 57,4 47,6 45,9 38,8 34,9 26,9 25,9 25,7 22,7 18 12,8 9,1 . 7 7,2 11,1 14,4 14,4 . 5,1 5,1
64,5 . 64,5 64,5 64,5 64,5 64,5 64,5 64,5 . . 64,5 64,5 50,1 47,8 40,1 35,5 35,2 28,9 24,7 14,3 10,1 4,3 3,8 . . . . . . . . . . . . . . .
67,7 . 67,7 67,7 67,7 67,7 67,7 67,7 67,7 . . 67,7 67,7 54,3 50,6 42,7 38,8 38,6 31,4 29,2 19,4 13,7 6,7 6,4 . . . . . . . . . . . . . . . 3,8
75,3 . 75,3 75,3 75,3 75,3 75,3 75,3 75,3 . . 75,3 75,3 61,9 59,7 51,8 47,1 46,6 39,6 35 26,3 21,7 12,3 12 . . . . . . . . . . . . . . . 9,2 5,1
76,4 . 76,4 76,4 76,4 76,4 76,4 76,4 76,4 . . 76,4 76,4 63,8 60,5 52,5 47,8 47,3 41,4 37,1 27,8 24,5 15,4 13,4 . . . . . . . . . . . . . . . 10,2 6,3 1,9
76,9 . 76,9 76,9 76,9 76,9 76,9 76,9 76,9 . . 76,9 76,9 64,3 61 53 48,4 47,8 41,9 38,4 28,7 25,2 17,1 16 . . . . . . . . . . . . . . . 10,8 7 2,1 0,7
83,4 . 83,4 83,4 83,4 83,4 83,4 83,4 83,4 . . 83,4 83,4 67,8 66 58,2 52,6 52,4 46 43,4 32,8 28,8 20,8 20,6 . . . . . . . . . . . . . . . 13,6 10,1 4,1 3,1 1,8
83,7 . 83,7 83,7 83,7 83,7 83,7 83,7 83,7 . . 83,7 83,7 70 67,3 59,4 54,9 54,6 49,7 46,9 36,1 31,2 24,1 23,8 . . . . . . . . . . . . . . . 18,2 13,3 8 7 6,2 4,4
82,8 . 82,8 82,8 82,8 82,8 82,8 82,8 82,8 . . 82,8 82,8 70 67,3 59,2 54,3 54 46,7 42,1 33,7 30 21,9 21,7 . . . . . . . . . . . . . . . 16,9 11,8 7 5,3 6,2 9,4 13,3
84,1 . 84,1 84,1 84,1 84,1 84,1 84,1 84,1 . . 84,1 84,1 71 68,2 59,8 55,6 55,3 47,4 43,9 34,5 31,2 23,3 22,1 . . . . . . . . . . . . . . . 17,4 12,6 8,3 6,8 7,5 10,3 14,4 1,5
91,5 . 91,5 91,5 91,5 91,5 91,5 91,5 91,5 . . 91,5 91,5 80,8 77,2 69,3 64,5 64,1 54,9 50,9 42,6 39,7 28,6 27,9 . . . . . . . . . . . . . . . 26,8 22 13,1 11,9 12,2 15,1 20,5 4,4 3,3
91,5 . 91,5 91,5 91,5 91,5 91,5 91,5 91,5 . . 91,5 91,5 80,8 77,2 69,3 64,5 64,1 54,9 50,9 42,6 39,7 28,6 27,9 . . . . . . . . . . . . . . . 26,8 22 13,1 11,9 12,2 15,1 20,5 4,4 3,3 .
91,5 . 91,5 91,5 91,5 91,5 91,5 91,5 91,5 . . 91,5 91,5 80,8 77,2 69,3 64,5 64,1 54,9 50,9 42,6 39,7 28,6 27,9 . . . . . . . . . . . . . . . 26,8 22 13,1 11,9 12,2 15,1 20,5 4,4 3,3 . 0
91,5 . 91,5 91,5 91,5 91,5 91,5 91,5 91,5 . . 91,5 91,5 80,8 77,2 69,3 64,5 64,1 54,9 50,9 42,6 39,7 28,6 27,9 . . . . . . . . . . . . . . . 26,8 22 13,1 11,9 12,2 15,1 20,5 4,4 3,3 . 0 0
91,5 . 91,5 91,5 91,5 91,5 91,5 91,5 91,5 . . 91,5 91,5 80,8 77,2 69,3 64,5 64,1 54,9 50,9 42,6 39,7 28,6 27,9 . . . . . . . . . . . . . . . 26,8 22 13,1 11,9 12,2 15,1 20,5 4,4 3,3 . 0 0 0
91,5 . 91,5 91,5 91,5 91,5 91,5 91,5 91,5 . . 91,5 91,5 80,8 77,2 69,3 64,5 64,1 54,9 50,9 42,6 39,7 28,6 27,9 . . . . . . . . . . . . . . . 26,8 22 13,1 11,9 12,2 15,1 20,5 4,4 3,3 . 0 0 0 0