0
0 .
0 . 0
0 . 0 0
0 . 0 0 0
0 . 0 0 0 0
0 . 0 0 0 0 0
. . . . . . . .
0 . 0 0 0 0 0 0 .
1,1 . 1,1 1,1 1,1 1,1 1,1 1,1 1,1 .
2,5 . 2,5 2,5 2,5 2,5 2,5 2,5 2,5 . 2,5
. . . . . . . . . . . .
. . . . . . . . . . . . .
7,3 . 7,3 7,3 7,3 7,3 7,3 7,3 7,3 . . 7,3 7,3 1,2
11 . 11 11 11 11 11 11 11 . . 11 11 4,3 4,1
14,4 . 14,4 14,4 14,4 14,4 14,4 14,4 14,4 . . 14,4 14,4 7,2 5,7 1,6
14,6 . 14,6 14,6 14,6 14,6 14,6 14,6 14,6 . . 14,6 14,6 7,6 6,5 2,5 1
19,1 . 19,1 19,1 19,1 19,1 19,1 19,1 19,1 . . 19,1 19,1 11 10 5,9 3,4 2,9
21,2 . 21,2 21,2 21,2 21,2 21,2 21,2 21,2 . . 21,2 21,2 13,8 11,5 7,3 4,6 4 1,1
25,1 . 25,1 25,1 25,1 25,1 25,1 25,1 25,1 . . 25,1 25,1 16,8 15,3 11,3 8,2 7,9 4,9 3
27,4 . 27,4 27,4 27,4 27,4 27,4 27,4 27,4 . . 27,4 27,4 19,1 17,8 13,7 10,6 10,3 7,4 5,4 3,1
. . . . . . . . . . . . . . . . . . . . . .
31,3 . 31,3 31,3 31,3 31,3 31,3 31,3 31,3 . . 31,3 31,3 23,1 21,4 17,4 14,5 14,2 11,1 8,6 5,1 3,1 0,8
33 . 33 33 33 33 33 33 33 . . 33 33 24 23,4 19 17,3 17,1 13,7 10,8 6 4 1,4 0,6
35,7 . 35,7 35,7 35,7 35,7 35,7 35,7 35,7 . . 35,7 35,7 27,7 26,2 21,8 19,8 19,6 16 13,5 8,8 6,2 3,6 3,1 2,6
36,4 . 36,4 36,4 36,4 36,4 36,4 36,4 36,4 . . 36,4 36,4 29,1 27,9 23,3 21,3 21,1 16,8 14,9 10,7 8,4 4,4 4,3 4,1 1,2
37,2 . 37,2 37,2 37,2 37,2 37,2 37,2 37,2 . . 37,2 37,2 30,6 28,1 23,8 22,1 21,9 18,2 15,7 11,4 9,3 6 5,5 4,9 3,4 1,5
42,4 . 42,4 42,4 42,4 42,4 42,4 42,4 42,4 . . 42,4 42,4 34,2 33 28,6 25,5 25,3 22 19,4 15 12,9 8,7 8,5 8,4 5,3 3,6 1,4
42,8 . 42,8 42,8 42,8 42,8 42,8 42,8 42,8 . . 42,8 42,8 34,6 33,5 29 26,7 26,4 22,3 20,8 15,9 14,5 9,6 9,1 8,6 6,1 4,7 2,6 0,8
43 . 43 43 43 43 43 43 43 . . 43 43 35,1 33,9 29,4 27,3 27,1 23,3 21,6 16,7 15,1 10,6 10,2 10 7,4 5,4 3,7 1,9 .
43,2 . 43,2 43,2 43,2 43,2 43,2 43,2 43,2 . . 43,2 43,2 35,3 34,1 29,6 27,5 27,3 23,5 21,8 16,9 15,3 10,8 10,4 10,2 7,6 5,6 3,9 2,3 . .
45,5 . 45,5 45,5 45,5 45,5 45,5 45,5 45,5 . . 45,5 45,5 37,7 36,3 32 29,6 29,4 26,3 23,1 19 17,3 12,6 12,4 12,2 9,3 8 5,1 3,5 . . 0,7
46,1 . 46,1 46,1 46,1 46,1 46,1 46,1 46,1 . . 46,1 46,1 39 38,1 33,7 31,4 31,2 27,2 25,8 21 19,2 14,6 14,2 14 11,5 9,8 7,9 5,4 . . 3,7 2,3
46,1 . 46,1 46,1 46,1 46,1 46,1 46,1 46,1 . . 46,1 46,1 39 38,1 33,7 31,4 31,2 27,2 25,8 21 19,2 14,6 14,2 14 11,5 9,8 7,9 5,4 . . 3,7 2,3 .
45,7 . 45,7 45,7 45,7 45,7 45,7 45,7 45,7 . . 45,7 45,7 39,4 36,9 32,1 30,6 30,4 25,9 24,3 20,2 18,1 14,3 14 13,8 11,6 9,8 7,9 4,8 . 3 3,6 6 7,4 7,4
45,7 . 45,7 45,7 45,7 45,7 45,7 45,7 45,7 . . 45,7 45,7 39,4 36,9 32,1 30,6 30,4 25,9 24,3 20,2 18,1 14,3 14 13,8 11,6 9,8 7,9 4,8 . 3 3,6 6 7,4 7,4 .
. . . . . . . . . . . . . . . . . . . . . . . . . . . . . . . . . . . . .
45,7 . 45,7 45,7 45,7 45,7 45,7 45,7 45,7 . . 45,7 45,7 39,4 36,9 32,1 30,6 30,4 25,9 24,3 20,2 18,1 14,3 14 13,8 11,6 9,8 7,9 4,8 . 3 3,6 6 7,4 7,4 . 3,2 3,2
35,5 . 35,5 35,5 35,5 35,5 35,5 35,5 35,5 . . 35,5 35,5 27,1 25,9 21,6 18,7 18,4 14,7 13 7,5 5 2,3 2,2 . . . . . . . . . . . . . . .
36,9 . 36,9 36,9 36,9 36,9 36,9 36,9 36,9 . . 36,9 36,9 28,7 27,3 23 20,2 20 16,3 14,6 10,1 7 3,8 3,6 . . . . . . . . . . . . . . . 1,9
41,7 . 41,7 41,7 41,7 41,7 41,7 41,7 41,7 . . 41,7 41,7 34 32,2 27,6 25,3 25 21,3 18,7 14 11,6 6,1 5,8 . . . . . . . . . . . . . . . 4,9 2,8
42,1 . 42,1 42,1 42,1 42,1 42,1 42,1 42,1 . . 42,1 42,1 34,4 32,6 28 25,9 25,6 22,3 19,4 14,9 12,8 8 7,5 . . . . . . . . . . . . . . . 5,6 4 0,9
42,2 . 42,2 42,2 42,2 42,2 42,2 42,2 42,2 . . 42,2 42,2 34,6 32,8 28,1 26,1 25,8 22,5 19,6 15,1 13 8,9 7,6 . . . . . . . . . . . . . . . 5,7 4,1 1 0,4
42,4 . 42,4 42,4 42,4 42,4 42,4 42,4 42,4 . . 42,4 42,4 34,8 33,2 28,8 26,5 26,3 23 20,5 15,8 14,1 9,8 9,3 . . . . . . . . . . . . . . . 6,5 4,3 1,8 1,4 0,8
45 . 45 45 45 45 45 45 45 . . 45 45 36,1 35,7 31,3 28,4 28,2 25 23,5 18 15,9 11,8 11,6 . . . . . . . . . . . . . . . 9,2 6 4 3,8 3,1 2,4
45 . 45 45 45 45 45 45 45 . . 45 45 37,6 35,6 31,2 28,5 28,3 24,8 21,7 18 15,8 11,5 11,3 . . . . . . . . . . . . . . . 8,9 6,2 3,9 3 3,1 4,2 6,7
45,4 . 45,4 45,4 45,4 45,4 45,4 45,4 45,4 . . 45,4 45,4 38 36 31,6 28,9 28,7 25,2 22,3 18,4 16,3 12,3 11,9 . . . . . . . . . . . . . . . 9,2 6,8 4,4 3,6 3,8 4,7 7,2 0,8
50,7 . 50,7 50,7 50,7 50,7 50,7 50,7 50,7 . . 50,7 50,7 42,4 41,1 36,4 34,1 33,9 30,3 26,4 22,8 20,9 15 14,9 . . . . . . . . . . . . . . . 13,8 11,1 6,4 5,4 5,9 7,1 10,8 2,3 1,9
50,7 . 50,7 50,7 50,7 50,7 50,7 50,7 50,7 . . 50,7 50,7 42,4 41,1 36,4 34,1 33,9 30,3 26,4 22,8 20,9 15 14,9 . . . . . . . . . . . . . . . 13,8 11,1 6,4 5,4 5,9 7,1 10,8 2,3 1,9 .
50,7 . 50,7 50,7 50,7 50,7 50,7 50,7 50,7 . . 50,7 50,7 42,4 41,1 36,4 34,1 33,9 30,3 26,4 22,8 20,9 15 14,9 . . . . . . . . . . . . . . . 13,8 11,1 6,4 5,4 5,9 7,1 10,8 2,3 1,9 . 0
50,7 . 50,7 50,7 50,7 50,7 50,7 50,7 50,7 . . 50,7 50,7 42,4 41,1 36,4 34,1 33,9 30,3 26,4 22,8 20,9 15 14,9 . . . . . . . . . . . . . . . 13,8 11,1 6,4 5,4 5,9 7,1 10,8 2,3 1,9 . 0 0
50,7 . 50,7 50,7 50,7 50,7 50,7 50,7 50,7 . . 50,7 50,7 42,4 41,1 36,4 34,1 33,9 30,3 26,4 22,8 20,9 15 14,9 . . . . . . . . . . . . . . . 13,8 11,1 6,4 5,4 5,9 7,1 10,8 2,3 1,9 . 0 0 0
50,7 . 50,7 50,7 50,7 50,7 50,7 50,7 50,7 . . 50,7 50,7 42,4 41,1 36,4 34,1 33,9 30,3 26,4 22,8 20,9 15 14,9 . . . . . . . . . . . . . . . 13,8 11,1 6,4 5,4 5,9 7,1 10,8 2,3 1,9 . 0 0 0 0