0
0 .
0 . 0
0 . 0 0
0 . 0 0 0
0 . 0 0 0 0
0 . 0 0 0 0 0
. . . . . . . .
0 . 0 0 0 0 0 0 .
1,1 . 1,1 1,1 1,1 1,1 1,1 1,1 1,1 .
3,1 . 3,1 3,1 3,1 3,1 3,1 3,1 3,1 . 3,1
. . . . . . . . . . . .
. . . . . . . . . . . . .
10,7 . 10,7 10,7 10,7 10,7 10,7 10,7 10,7 . . 10,7 10,7 1,7
15,5 . 15,5 15,5 15,5 15,5 15,5 15,5 15,5 . . 15,5 15,5 6,5 6,3
21,2 . 21,2 21,2 21,2 21,2 21,2 21,2 21,2 . . 21,2 21,2 9,8 8,2 2,4
21,6 . 21,6 21,6 21,6 21,6 21,6 21,6 21,6 . . 21,6 21,6 10,9 9,3 3,8 1,5
27,7 . 27,7 27,7 27,7 27,7 27,7 27,7 27,7 . . 27,7 27,7 16 14,3 8,5 4,6 4
29,2 . 29,2 29,2 29,2 29,2 29,2 29,2 29,2 . . 29,2 29,2 19,3 16,3 10,6 7,1 5,8 1,6
36 . 36 36 36 36 36 36 36 . . 36 36 24,6 22,1 16,4 12,4 12 6,6 4,6
39,6 . 39,6 39,6 39,6 39,6 39,6 39,6 39,6 . . 39,6 39,6 27,9 25,5 19,7 16 15,5 10,1 7,8 4
. . . . . . . . . . . . . . . . . . . . . .
44 . 44 44 44 44 44 44 44 . . 44 44 33 30,2 24,5 20,2 19,8 15,3 13,4 6,8 4,2 1
46,7 . 46,7 46,7 46,7 46,7 46,7 46,7 46,7 . . 46,7 46,7 34,8 32,6 26,7 25,2 24,9 19,2 15 8,4 5,1 2,1 1,3
48,8 . 48,8 48,8 48,8 48,8 48,8 48,8 48,8 . . 48,8 48,8 37,3 34,8 28,8 27 26,2 22,8 20,9 12,1 9,1 4,6 4,3 3,4
50,5 . 50,5 50,5 50,5 50,5 50,5 50,5 50,5 . . 50,5 50,5 39 38,1 32,2 28,6 28,5 23,6 21,6 15,8 12,7 6,3 6 5,5 1,9
51,7 . 51,7 51,7 51,7 51,7 51,7 51,7 51,7 . . 51,7 51,7 40,8 38,5 32,7 31,1 30,9 25,3 22,3 16,5 13 10,1 8,5 7,7 4,1 2,1
58,2 . 58,2 58,2 58,2 58,2 58,2 58,2 58,2 . . 58,2 58,2 45,9 43,7 38,2 34,9 34,7 28,8 27,2 19,3 16,5 11,8 11,5 11,2 8 4,9 2
58,4 . 58,4 58,4 58,4 58,4 58,4 58,4 58,4 . . 58,4 58,4 47,1 46,5 40,4 36,7 36,3 31,3 29 23,2 20,3 13,6 12 11,7 8,8 6 3,5 1,3
59,4 . 59,4 59,4 59,4 59,4 59,4 59,4 59,4 . . 59,4 59,4 49,5 47,6 41,9 38,2 38 32,7 31,6 24,3 21,7 15,4 14,4 14,2 10,8 8,5 4,9 2,7 .
59,7 . 59,7 59,7 59,7 59,7 59,7 59,7 59,7 . . 59,7 59,7 49,7 47,9 42,2 38,5 38,3 33 31,9 24,6 21,9 15,7 14,6 14,4 11 8,8 5,4 3,3 . .
62,7 . 62,7 62,7 62,7 62,7 62,7 62,7 62,7 . . 62,7 62,7 51,6 50 44 42,7 42,5 36,9 33,4 26,6 23,9 19,2 19 17,9 13,7 11,9 7,1 4,5 . . 1,1
64 . 64 64 64 64 64 64 64 . . 64 64 55 53,5 47,7 45,4 45,2 39,4 37 30,9 28,2 21,8 21,6 20,1 17,5 14,2 11,1 8,2 . . 5,1 3,3
64 . 64 64 64 64 64 64 64 . . 64 64 55 53,5 47,7 45,4 45,2 39,4 37 30,9 28,2 21,8 21,6 20,1 17,5 14,2 11,1 8,2 . . 5,1 3,3 .
60,3 . 60,3 60,3 60,3 60,3 60,3 60,3 60,3 . . 60,3 60,3 55,1 52,9 47,3 43,2 42,8 36,6 34,1 28,4 25,4 20,5 19,2 19 17,1 14,1 10,1 6,8 . 4,9 5,3 8,2 11,1 11,1
60,3 . 60,3 60,3 60,3 60,3 60,3 60,3 60,3 . . 60,3 60,3 55,1 52,9 47,3 43,2 42,8 36,6 34,1 28,4 25,4 20,5 19,2 19 17,1 14,1 10,1 6,8 . 4,9 5,3 8,2 11,1 11,1 .
. . . . . . . . . . . . . . . . . . . . . . . . . . . . . . . . . . . . .
60,3 . 60,3 60,3 60,3 60,3 60,3 60,3 60,3 . . 60,3 60,3 55,1 52,9 47,3 43,2 42,8 36,6 34,1 28,4 25,4 20,5 19,2 19 17,1 14,1 10,1 6,8 . 4,9 5,3 8,2 11,1 11,1 . 4,2 4,2
48,2 . 48,2 48,2 48,2 48,2 48,2 48,2 48,2 . . 48,2 48,2 37,5 34,9 28,8 25,7 25,5 20,9 18 10,4 7,6 3,1 3 . . . . . . . . . . . . . . .
50,9 . 50,9 50,9 50,9 50,9 50,9 50,9 50,9 . . 50,9 50,9 40,4 37,4 31,6 28,7 28,5 22,7 20,3 14,3 9,6 5,2 5,1 . . . . . . . . . . . . . . . 3
55,4 . 55,4 55,4 55,4 55,4 55,4 55,4 55,4 . . 55,4 55,4 46,5 43,9 38 35,6 35,3 28,4 26,2 19 16,1 9,7 9,6 . . . . . . . . . . . . . . . 6,7 4,1
57,1 . 57,1 57,1 57,1 57,1 57,1 57,1 57,1 . . 57,1 57,1 47,7 44,9 39,1 35,9 35,7 29,7 27,7 21 17,8 12,1 11,8 . . . . . . . . . . . . . . . 7,9 4,9 1,5
58 . 58 58 58 58 58 58 58 . . 58 58 48,1 45,3 39,5 36,5 36,1 30,4 27,9 21,4 18,1 13,2 13,1 . . . . . . . . . . . . . . . 8,3 5 1,6 0,5
60,8 . 60,8 60,8 60,8 60,8 60,8 60,8 60,8 . . 60,8 60,8 48,5 47 41,1 38,1 37,9 33,1 30,3 22,8 19,9 14,9 14,7 . . . . . . . . . . . . . . . 9,5 6,8 2,7 2,2 1,4
61,3 . 61,3 61,3 61,3 61,3 61,3 61,3 61,3 . . 61,3 61,3 51,5 50,1 44,2 40,9 40,7 36,5 34,3 25,6 22,3 17,5 17,3 . . . . . . . . . . . . . . . 13,5 10,2 5,4 5 4,7 3,1
62 . 62 62 62 62 62 62 62 . . 62 62 52,6 49,8 43,9 40,9 40,5 34,4 30,4 25,1 22,3 16,3 16 . . . . . . . . . . . . . . . 12,8 9,4 5,2 3,9 4,2 6 9,4
62,5 . 62,5 62,5 62,5 62,5 62,5 62,5 62,5 . . 62,5 62,5 53,2 50,5 44,1 41,4 41 35,3 31,1 25,6 23 17,4 16,5 . . . . . . . . . . . . . . . 13,2 9,8 5,8 4,8 5,2 6,6 10,2 1,1
69,4 . 69,4 69,4 69,4 69,4 69,4 69,4 69,4 . . 69,4 69,4 61,4 58,4 52,4 49,2 48,7 42,4 37,9 32,3 29,2 21,1 21 . . . . . . . . . . . . . . . 20,3 16,7 10,2 8,7 9,1 11,3 15,4 3,4 2,6
69,4 . 69,4 69,4 69,4 69,4 69,4 69,4 69,4 . . 69,4 69,4 61,4 58,4 52,4 49,2 48,7 42,4 37,9 32,3 29,2 21,1 21 . . . . . . . . . . . . . . . 20,3 16,7 10,2 8,7 9,1 11,3 15,4 3,4 2,6 .
69,4 . 69,4 69,4 69,4 69,4 69,4 69,4 69,4 . . 69,4 69,4 61,4 58,4 52,4 49,2 48,7 42,4 37,9 32,3 29,2 21,1 21 . . . . . . . . . . . . . . . 20,3 16,7 10,2 8,7 9,1 11,3 15,4 3,4 2,6 . 0
69,4 . 69,4 69,4 69,4 69,4 69,4 69,4 69,4 . . 69,4 69,4 61,4 58,4 52,4 49,2 48,7 42,4 37,9 32,3 29,2 21,1 21 . . . . . . . . . . . . . . . 20,3 16,7 10,2 8,7 9,1 11,3 15,4 3,4 2,6 . 0 0
69,4 . 69,4 69,4 69,4 69,4 69,4 69,4 69,4 . . 69,4 69,4 61,4 58,4 52,4 49,2 48,7 42,4 37,9 32,3 29,2 21,1 21 . . . . . . . . . . . . . . . 20,3 16,7 10,2 8,7 9,1 11,3 15,4 3,4 2,6 . 0 0 0
69,4 . 69,4 69,4 69,4 69,4 69,4 69,4 69,4 . . 69,4 69,4 61,4 58,4 52,4 49,2 48,7 42,4 37,9 32,3 29,2 21,1 21 . . . . . . . . . . . . . . . 20,3 16,7 10,2 8,7 9,1 11,3 15,4 3,4 2,6 . 0 0 0 0