0
0 0
0 0 0
0 0 0 0
. . . . .
3,9 3,9 3,9 3,9 3,9 3,9
9,7 9,7 9,7 9,7 9,7 9,7 4,5
11,8 11,8 11,8 11,8 11,8 11,8 8,8 2,2
13,6 13,6 13,6 13,6 13,6 13,6 9 3,2 1,5
21,5 21,5 21,5 21,5 21,5 21,5 14 8,3 6,1 4,7
21,8 21,8 21,8 21,8 21,8 21,8 14,4 8,6 6,5 5 0,8
28,4 28,4 28,4 28,4 28,4 28,4 20,9 14,2 11,9 10,5 4,5 3,4
29,3 29,3 29,3 29,3 29,3 29,3 22,8 16,3 14,1 11,4 5,8 5 1,8
37,5 37,5 37,5 37,5 37,5 37,5 30,1 24,6 21,9 20,1 13,9 12,3 7,6 4,7
37,7 37,7 37,7 37,7 37,7 37,7 30,3 24,9 22,2 20,4 14,2 12,6 8,6 7 2,2
43 43 43 43 43 43 35,8 31,5 28,8 26,7 21,5 19,8 14 11,9 6,5 4
49,2 49,2 49,2 49,2 49,2 49,2 40,9 35,6 33,6 30,9 25,3 23,6 18,2 15,9 7,9 7 .
. . . . . . . . . . . . . . . . . .
49,2 49,2 49,2 49,2 49,2 49,2 40,9 35,6 33,6 30,9 25,3 23,6 18,2 15,9 7,9 7 . . 2,3
28,8 28,8 28,8 28,8 28,8 28,8 21,3 15,2 11,5 10,7 5,3 4 6,8 8,9 18 18,3 23,6 25,7 . 25,7
36 36 36 36 36 36 29,4 23,6 20,6 18,5 14,4 11,9 16,3 18,2 25,1 26,6 31,8 35,7 . 35,7 5,5
36,8 36,8 36,8 36,8 36,8 36,8 30,3 24,2 21 20 16 13,6 17,6 18,8 26 27,1 32,4 36,1 . 36,1 7,2 1,8
43 43 43 43 43 43 37 31,4 27,4 26,7 21,8 19,5 23,9 26,1 31,9 32,3 37,5 42,6 . 42,6 13,1 5,3 3,7
48,6 48,6 48,6 48,6 48,6 48,6 40,6 35,7 30,7 30,4 25,8 24,3 25,8 27,8 36,4 36,7 40,6 43,9 . 43,9 16,1 9,1 7,1 3,2
52,9 52,9 52,9 52,9 52,9 52,9 43,9 38,7 34 34,8 29,9 28 30,6 32,2 40,2 40,5 44,7 49,1 . 49,1 20,3 14,2 12,8 7,6 4,6
53,3 53,3 53,3 53,3 53,3 53,3 44,4 39,2 34,8 35,2 30,7 28,7 32,3 33,2 40,6 41 47,7 50,8 . 50,8 23,1 16,6 13,8 10,1 7,6 2,2
54,4 54,4 54,4 54,4 54,4 54,4 46 41 38 37 32,7 30 33 35,5 43 43,4 48,5 52,4 . 52,4 25,5 20 18,5 14,4 12,3 6,3 4,1
55,4 55,4 55,4 55,4 55,4 55,4 47 42 39 38 33,2 31,4 34,8 36,7 43,4 45 48,9 55,5 . 55,5 28 22,5 20,6 16,9 15,9 10,5 8,2 2,4
55,4 55,4 55,4 55,4 55,4 55,4 47 42 39 38 33,2 31,4 34,8 36,7 43,4 45 48,9 55,5 . 55,5 28 22,5 20,6 16,9 15,9 10,5 8,2 2,4 .
55,4 55,4 55,4 55,4 55,4 55,4 47 42 39 38 33,2 31,4 34,8 36,7 43,4 45 48,9 55,5 . 55,5 28 22,5 20,6 16,9 15,9 10,5 8,2 2,4 . .
53,5 53,5 53,5 53,5 53,5 53,5 45,4 39,3 35,4 35 31,5 29,1 32,2 34,1 41,6 42 47 51,5 . 51,5 22,1 16,7 14,6 10 7,8 2,3 2,7 7 10,4 10,4 10,4
60,8 60,8 60,8 60,8 60,8 60,8 52,7 46,3 42,3 42,4 37 35,7 35,6 39 45,8 46 51,9 54,4 . 54,4 27,4 21,6 19,9 14,7 11,6 5,5 5,7 10,8 14,4 14,4 14,4 3,5
60,8 60,8 60,8 60,8 60,8 60,8 52,7 46,3 42,3 42,4 37 35,7 35,6 39 45,8 46 51,9 54,4 . 54,4 27,4 21,6 19,9 14,7 11,6 5,5 5,7 10,8 14,4 14,4 14,4 3,5 .
62,2 62,2 62,2 62,2 62,2 62,2 54,1 47,7 43,7 43,8 38,4 37 37 40,4 47,2 47,4 53,3 55,8 . 55,8 28,7 22,9 21,2 16 12,9 6,3 6,5 12,1 15,7 15,7 15,7 4,3 . .
62,2 62,2 62,2 62,2 62,2 62,2 54,1 47,7 43,7 43,8 38,4 37 37 40,4 47,2 47,4 53,3 55,8 . 55,8 28,7 22,9 21,2 16 12,9 6,3 6,5 12,1 15,7 15,7 15,7 4,3 . 0 .
62,2 62,2 62,2 62,2 62,2 62,2 54,1 47,7 43,7 43,8 38,4 37 37 40,4 47,2 47,4 53,3 55,8 . 55,8 28,7 22,9 21,2 16 12,9 6,3 6,5 12,1 15,7 15,7 15,7 4,3 . 0 . 0
62,2 62,2 62,2 62,2 62,2 62,2 54,1 47,7 43,7 43,8 38,4 37 37 40,4 47,2 47,4 53,3 55,8 . 55,8 28,7 22,9 21,2 16 12,9 6,3 6,5 12,1 15,7 15,7 15,7 4,3 . 0 . 0 0
62,2 62,2 62,2 62,2 62,2 62,2 54,1 47,7 43,7 43,8 38,4 37 37 40,4 47,2 47,4 53,3 55,8 . 55,8 28,7 22,9 21,2 16 12,9 6,3 6,5 12,1 15,7 15,7 15,7 4,3 . 0 . 0 0 0
62,2 62,2 62,2 62,2 62,2 62,2 54,1 47,7 43,7 43,8 38,4 37 37 40,4 47,2 47,4 53,3 55,8 . 55,8 28,7 22,9 21,2 16 12,9 6,3 6,5 12,1 15,7 15,7 15,7 4,3 . 0 . 0 0 0 0
62,2 62,2 62,2 62,2 62,2 62,2 54,1 47,7 43,7 43,8 38,4 37 37 40,4 47,2 47,4 53,3 55,8 . 55,8 28,7 22,9 21,2 16 12,9 6,3 6,5 12,1 15,7 15,7 15,7 4,3 . 0 . 0 0 0 0 0
62,2 62,2 62,2 62,2 62,2 62,2 54,1 47,7 43,7 43,8 38,4 37 37 40,4 47,2 47,4 53,3 55,8 . 55,8 28,7 22,9 21,2 16 12,9 6,3 6,5 12,1 15,7 15,7 15,7 4,3 . 0 . 0 0 0 0 0 0
62,2 62,2 62,2 62,2 62,2 62,2 54,1 47,7 43,7 43,8 38,4 37 37 40,4 47,2 47,4 53,3 55,8 . 55,8 28,7 22,9 21,2 16 12,9 6,3 6,5 12,1 15,7 15,7 15,7 4,3 . 0 . 0 0 0 0 0 0 .
