0
0 0
0 0 0
0 0 0 0
. . . . .
2,9 2,9 2,9 2,9 2,9 2,9
6 6 6 6 6 6 3,3
7,5 7,5 7,5 7,5 7,5 7,5 5,6 1,5
9,7 9,7 9,7 9,7 9,7 9,7 6 2,6 1
14,7 14,7 14,7 14,7 14,7 14,7 10,2 5,6 4,4 3,2
14,9 14,9 14,9 14,9 14,9 14,9 10,4 5,8 4,6 3,5 0,6
19,3 19,3 19,3 19,3 19,3 19,3 15 10,3 7,6 6,4 3,2 2,5
20,6 20,6 20,6 20,6 20,6 20,6 15,9 12,1 10,3 7,4 4,7 3,7 1,1
25,9 25,9 25,9 25,9 25,9 25,9 21,1 16,9 15,9 13,2 9,7 8,4 5,1 3,2
26,1 26,1 26,1 26,1 26,1 26,1 21,4 17,1 16,2 13,5 10 8,9 5,8 4,6 1,6
29,7 29,7 29,7 29,7 29,7 29,7 27 22,2 19,8 18,3 15,6 14 11 8,5 4,1 2,6
34,3 34,3 34,3 34,3 34,3 34,3 29,3 25,2 24,5 21,4 18,3 17,3 13,7 11,5 5,5 4,8 .
. . . . . . . . . . . . . . . . . .
34,3 34,3 34,3 34,3 34,3 34,3 29,3 25,2 24,5 21,4 18,3 17,3 13,7 11,5 5,5 4,8 . . 1,5
19,2 19,2 19,2 19,2 19,2 19,2 14,9 9,9 7,2 6,3 4 2,7 4,9 5,8 12,1 12,5 15,9 18,8 . 18,8
25 25 25 25 25 25 21,3 16,4 13,5 12,4 9,5 8,1 11,8 12,1 18 18,4 22,3 25,8 . 25,8 3,9
25,4 25,4 25,4 25,4 25,4 25,4 21,8 16,9 14 12,9 10,4 8,6 12,3 12,6 18,5 18,9 22,7 26,2 . 26,2 5 1,1
30,3 30,3 30,3 30,3 30,3 30,3 26,5 21,6 18 17,7 15,8 14,5 16,4 17 22 22,4 26,8 30,3 . 30,3 8,7 3,9 2,9
32,8 32,8 32,8 32,8 32,8 32,8 26,9 23,7 20,5 19,8 17,5 16,3 18,2 19,3 24,8 25,2 27,7 32,6 . 32,6 11,1 5,9 4,8 2
36,1 36,1 36,1 36,1 36,1 36,1 32,2 26,8 23,4 23,5 21,6 19,8 22,6 23 27,7 28,1 31,8 35,8 . 35,8 15,3 10,2 8,3 5,2 3,5
36,5 36,5 36,5 36,5 36,5 36,5 32,7 27,6 24,5 24,1 22 21,2 23 23,6 28,1 28,5 32 36,2 . 36,2 16 11,3 10,2 6,8 5,2 1,3
37 37 37 37 37 37 33,2 29,1 26,4 25,3 22,8 21,8 23,5 24,2 28,8 29,2 32,5 36,8 . 36,8 17,7 14,1 12,6 9,3 8,3 4,7 3,1
38 38 38 38 38 38 33,7 29,6 26,9 26,1 24,1 22,3 24,9 25,1 30 31 33 37,2 . 37,2 19,2 16 14,2 11 10 7,3 5,6 1,8
38 38 38 38 38 38 33,7 29,6 26,9 26,1 24,1 22,3 24,9 25,1 30 31 33 37,2 . 37,2 19,2 16 14,2 11 10 7,3 5,6 1,8 .
38 38 38 38 38 38 33,7 29,6 26,9 26,1 24,1 22,3 24,9 25,1 30 31 33 37,2 . 37,2 19,2 16 14,2 11 10 7,3 5,6 1,8 . .
36,4 36,4 36,4 36,4 36,4 36,4 32,7 27,5 24,4 24 22 20,6 23 23,8 28,3 28,7 32 36,1 . 36,1 16,1 11 10,5 7,1 5,3 1,5 1,8 5 7,7 7,7 7,7
41,2 41,2 41,2 41,2 41,2 41,2 37,1 32,3 29,5 28,1 26,4 24,6 26,4 27,8 32,8 33,1 36,6 41 . 41 20,3 15,3 14,3 9,9 7,3 3,7 4 7 9,6 9,6 9,6 2,1
41,2 41,2 41,2 41,2 41,2 41,2 37,1 32,3 29,5 28,1 26,4 24,6 26,4 27,8 32,8 33,1 36,6 41 . 41 20,3 15,3 14,3 9,9 7,3 3,7 4 7 9,6 9,6 9,6 2,1 .
42,1 42,1 42,1 42,1 42,1 42,1 38 33,2 30,4 29 27,3 25,5 27,3 28,7 33,7 34 37,5 41,9 . 41,9 21,2 16,2 15,2 10,8 8,2 4,3 4,6 7,9 10,5 10,5 10,5 2,7 . .
42,1 42,1 42,1 42,1 42,1 42,1 38 33,2 30,4 29 27,3 25,5 27,3 28,7 33,7 34 37,5 41,9 . 41,9 21,2 16,2 15,2 10,8 8,2 4,3 4,6 7,9 10,5 10,5 10,5 2,7 . 0 .
42,1 42,1 42,1 42,1 42,1 42,1 38 33,2 30,4 29 27,3 25,5 27,3 28,7 33,7 34 37,5 41,9 . 41,9 21,2 16,2 15,2 10,8 8,2 4,3 4,6 7,9 10,5 10,5 10,5 2,7 . 0 . 0
42,1 42,1 42,1 42,1 42,1 42,1 38 33,2 30,4 29 27,3 25,5 27,3 28,7 33,7 34 37,5 41,9 . 41,9 21,2 16,2 15,2 10,8 8,2 4,3 4,6 7,9 10,5 10,5 10,5 2,7 . 0 . 0 0
42,1 42,1 42,1 42,1 42,1 42,1 38 33,2 30,4 29 27,3 25,5 27,3 28,7 33,7 34 37,5 41,9 . 41,9 21,2 16,2 15,2 10,8 8,2 4,3 4,6 7,9 10,5 10,5 10,5 2,7 . 0 . 0 0 0
42,1 42,1 42,1 42,1 42,1 42,1 38 33,2 30,4 29 27,3 25,5 27,3 28,7 33,7 34 37,5 41,9 . 41,9 21,2 16,2 15,2 10,8 8,2 4,3 4,6 7,9 10,5 10,5 10,5 2,7 . 0 . 0 0 0 0
42,1 42,1 42,1 42,1 42,1 42,1 38 33,2 30,4 29 27,3 25,5 27,3 28,7 33,7 34 37,5 41,9 . 41,9 21,2 16,2 15,2 10,8 8,2 4,3 4,6 7,9 10,5 10,5 10,5 2,7 . 0 . 0 0 0 0 0
42,1 42,1 42,1 42,1 42,1 42,1 38 33,2 30,4 29 27,3 25,5 27,3 28,7 33,7 34 37,5 41,9 . 41,9 21,2 16,2 15,2 10,8 8,2 4,3 4,6 7,9 10,5 10,5 10,5 2,7 . 0 . 0 0 0 0 0 0
42,1 42,1 42,1 42,1 42,1 42,1 38 33,2 30,4 29 27,3 25,5 27,3 28,7 33,7 34 37,5 41,9 . 41,9 21,2 16,2 15,2 10,8 8,2 4,3 4,6 7,9 10,5 10,5 10,5 2,7 . 0 . 0 0 0 0 0 0 .
