0
0 0
0 0 0
0 0 0 0
. . . . .
4,6 4,6 4,6 4,6 4,6 4,6
11,6 11,6 11,6 11,6 11,6 11,6 6,6
15,3 15,3 15,3 15,3 15,3 15,3 10,7 3,1
18,2 18,2 18,2 18,2 18,2 18,2 11,1 4,1 2
27,5 27,5 27,5 27,5 27,5 27,5 19,3 10 8,6 6,8
27,9 27,9 27,9 27,9 27,9 27,9 19,7 10,5 9 7,2 1
35,4 35,4 35,4 35,4 35,4 35,4 28,3 18,5 15,5 12,7 6,3 4
38,5 38,5 38,5 38,5 38,5 38,5 28,9 22,7 20,6 15 8,4 6,4 2,2
48,5 48,5 48,5 48,5 48,5 48,5 40,5 31,8 29,9 26,3 18,4 16,1 9,9 6,2
48,7 48,7 48,7 48,7 48,7 48,7 40,7 32 30,2 26,6 18,9 16,5 10,7 7,9 2,9
55,1 55,1 55,1 55,1 55,1 55,1 48,2 40,2 39,1 34,5 29 25 18,7 15,1 6,7 5,1
60,9 60,9 60,9 60,9 60,9 60,9 53,3 46,1 44,5 39,7 32,6 31,1 25 19 9,3 8,8 .
. . . . . . . . . . . . . . . . . .
60,9 60,9 60,9 60,9 60,9 60,9 53,3 46,1 44,5 39,7 32,6 31,1 25 19 9,3 8,8 . . 3
36,2 36,2 36,2 36,2 36,2 36,2 27,5 19,5 14,8 12,5 7,6 5,2 9,5 11,8 23,4 23,8 30,6 35,8 . 35,8
45,9 45,9 45,9 45,9 45,9 45,9 39,9 31,2 26,3 24,8 18,6 14,8 20,5 24,4 34,5 35 43 46,8 . 46,8 7,1
46,4 46,4 46,4 46,4 46,4 46,4 40,6 32,2 27,2 25,9 20,2 16,6 22,9 25,6 35,7 36,2 43,6 47,2 . 47,2 10,3 2,2
55,1 55,1 55,1 55,1 55,1 55,1 48,9 41,6 37,2 34,2 29,6 25,5 31,7 34,1 41,5 42 49,9 56,3 . 56,3 17 6,6 5,2
62,3 62,3 62,3 62,3 62,3 62,3 54,4 46,6 41,8 39,6 35,8 31,5 34,6 39,2 48,8 49,1 55,4 59,7 . 59,7 22,3 12,8 9,7 4,1
66,2 66,2 66,2 66,2 66,2 66,2 58,2 51,1 47,8 45,8 41,2 36,9 40 42,6 53,1 53,5 58,7 64 . 64 28,9 17 15,4 10,1 6,6
66,7 66,7 66,7 66,7 66,7 66,7 59,6 51,6 48,3 46,4 42 38,7 41,1 44 54,7 55,1 60,9 66,4 . 66,4 32,4 22,9 20,2 14 9,7 2,8
67,2 67,2 67,2 67,2 67,2 67,2 60,1 54 52,5 48 43,4 41,3 44,3 47,5 55,6 56 62 67,5 . 67,5 36 28,3 25,1 19,4 16,7 8,6 5,5
69,5 69,5 69,5 69,5 69,5 69,5 60,7 54,5 53 48,8 44 42,4 44,9 48 55,7 57,6 62,5 68 . 68 37,2 29,8 27,4 22,5 21,5 13,6 10,2 3,6
69,5 69,5 69,5 69,5 69,5 69,5 60,7 54,5 53 48,8 44 42,4 44,9 48 55,7 57,6 62,5 68 . 68 37,2 29,8 27,4 22,5 21,5 13,6 10,2 3,6 .
69,5 69,5 69,5 69,5 69,5 69,5 60,7 54,5 53 48,8 44 42,4 44,9 48 55,7 57,6 62,5 68 . 68 37,2 29,8 27,4 22,5 21,5 13,6 10,2 3,6 . .
68,3 68,3 68,3 68,3 68,3 68,3 61,7 52,8 48,4 46,7 42 39,9 43,5 44,7 54 54,5 62,7 68,5 . 68,5 29,7 19,4 18,6 13,8 10,6 3 3,7 10,2 12,9 12,9 12,9
74,3 74,3 74,3 74,3 74,3 74,3 68,7 59,8 54,8 52,9 48,9 45,2 48 52,2 62,6 62,8 68,1 73,5 . 73,5 38 26,7 26,2 19,1 15,2 6,6 7,2 14,2 19,5 19,5 19,5 4,3
74,3 74,3 74,3 74,3 74,3 74,3 68,7 59,8 54,8 52,9 48,9 45,2 48 52,2 62,6 62,8 68,1 73,5 . 73,5 38 26,7 26,2 19,1 15,2 6,6 7,2 14,2 19,5 19,5 19,5 4,3 .
76,1 76,1 76,1 76,1 76,1 76,1 70,5 61,6 56,6 54,7 50,7 47 49,8 54 64,4 64,6 69,9 75,3 . 75,3 39,8 28,5 28 20,9 17 7,8 8,4 16 21,3 21,3 21,3 5,5 . .
76,1 76,1 76,1 76,1 76,1 76,1 70,5 61,6 56,6 54,7 50,7 47 49,8 54 64,4 64,6 69,9 75,3 . 75,3 39,8 28,5 28 20,9 17 7,8 8,4 16 21,3 21,3 21,3 5,5 . 0 .
76,1 76,1 76,1 76,1 76,1 76,1 70,5 61,6 56,6 54,7 50,7 47 49,8 54 64,4 64,6 69,9 75,3 . 75,3 39,8 28,5 28 20,9 17 7,8 8,4 16 21,3 21,3 21,3 5,5 . 0 . 0
76,1 76,1 76,1 76,1 76,1 76,1 70,5 61,6 56,6 54,7 50,7 47 49,8 54 64,4 64,6 69,9 75,3 . 75,3 39,8 28,5 28 20,9 17 7,8 8,4 16 21,3 21,3 21,3 5,5 . 0 . 0 0
76,1 76,1 76,1 76,1 76,1 76,1 70,5 61,6 56,6 54,7 50,7 47 49,8 54 64,4 64,6 69,9 75,3 . 75,3 39,8 28,5 28 20,9 17 7,8 8,4 16 21,3 21,3 21,3 5,5 . 0 . 0 0 0
76,1 76,1 76,1 76,1 76,1 76,1 70,5 61,6 56,6 54,7 50,7 47 49,8 54 64,4 64,6 69,9 75,3 . 75,3 39,8 28,5 28 20,9 17 7,8 8,4 16 21,3 21,3 21,3 5,5 . 0 . 0 0 0 0
76,1 76,1 76,1 76,1 76,1 76,1 70,5 61,6 56,6 54,7 50,7 47 49,8 54 64,4 64,6 69,9 75,3 . 75,3 39,8 28,5 28 20,9 17 7,8 8,4 16 21,3 21,3 21,3 5,5 . 0 . 0 0 0 0 0
76,1 76,1 76,1 76,1 76,1 76,1 70,5 61,6 56,6 54,7 50,7 47 49,8 54 64,4 64,6 69,9 75,3 . 75,3 39,8 28,5 28 20,9 17 7,8 8,4 16 21,3 21,3 21,3 5,5 . 0 . 0 0 0 0 0 0
76,1 76,1 76,1 76,1 76,1 76,1 70,5 61,6 56,6 54,7 50,7 47 49,8 54 64,4 64,6 69,9 75,3 . 75,3 39,8 28,5 28 20,9 17 7,8 8,4 16 21,3 21,3 21,3 5,5 . 0 . 0 0 0 0 0 0 .
