0
0 0
0 0 0
0 0 0 0
0 0 0 0 0
0 0 0 0 0 0
0 0 0 0 0 0 0
. . . . . . . .
3,9 3,9 3,9 3,9 3,9 3,9 3,9 3,9 3,9
10,4 10,4 10,4 10,4 10,4 10,4 10,4 10,4 10,4 5,1
14,6 14,6 14,6 14,6 14,6 14,6 14,6 14,6 14,6 11,2 5,1
21,1 21,1 21,1 21,1 21,1 21,1 21,1 21,1 21,1 16,8 11,2 5,3
28,3 28,3 28,3 28,3 28,3 28,3 28,3 28,3 28,3 22,5 17,1 11,2 5,9
36,4 36,4 36,4 36,4 36,4 36,4 36,4 36,4 36,4 28,8 23 18,5 13,9 4,8
. . . . . . . . . . . . . . .
36,4 36,4 36,4 36,4 36,4 36,4 36,4 36,4 36,4 28,8 23 18,5 13,9 4,8 . 1,7
