.
1 1
3,4 3,4 3,4
8,6 8,6 8,6 .
. . . . .
8,6 8,6 8,6 . 8,6 4,6
8,6 8,6 8,6 . 8,6 4,6 0
8,6 8,6 8,6 . 8,6 4,6 0 0
. . . . . . . . .
. . . . . . . . . .
12,3 12,3 12,3 . 12,3 8,3 3,7 3,7 3,7 3,7 0,7
14,3 14,3 14,3 . 14,3 10,3 5,7 5,7 5,7 5,7 3,3 1,7
17,3 17,3 17,3 . 17,3 13,3 8,7 8,7 8,7 8,7 6 4,4 2
18,3 18,3 18,3 . 18,3 14,3 9,7 9,7 9,7 9,7 7,7 6,1 3,5 1,4
20,2 20,2 20,2 . 20,2 16,2 11,6 11,6 11,6 11,6 10 8,5 5,1 2,7 1,2
. . . . . . . . . . . . . . . .
20,2 20,2 20,2 . 20,2 16,2 11,6 11,6 11,6 11,6 10 8,5 5,1 2,7 1,2 . 0
