.
2,7 2,7
8 8 8
18,5 18,5 18,5 .
. . . . .
18,5 18,5 18,5 . 18,5 10,5
18,5 18,5 18,5 . 18,5 10,5 0
18,5 18,5 18,5 . 18,5 10,5 0 0
. . . . . . . . .
. . . . . . . . . .
26,4 26,4 26,4 . 26,4 18,4 7,9 7,9 7,9 7,9 2,3
30,3 30,3 30,3 . 30,3 22,3 11,8 11,8 11,8 11,8 7,5 4,2
36 36 36 . 36 28 17,5 17,5 17,5 17,5 14,9 9,8 4,7
40,1 40,1 40,1 . 40,1 32,1 21,6 21,6 21,6 21,6 16,9 13,7 8,1 3,2
42,7 42,7 42,7 . 42,7 34,7 24,2 24,2 24,2 24,2 23,3 18,5 11,7 6,5 2,9
. . . . . . . . . . . . . . . .
42,7 42,7 42,7 . 42,7 34,7 24,2 24,2 24,2 24,2 23,3 18,5 11,7 6,5 2,9 . 0
