.
3,7 3,7
11,2 11,2 11,2
26,1 26,1 26,1 .
. . . . .
26,1 26,1 26,1 . 26,1 14,4
26,1 26,1 26,1 . 26,1 14,4 0
26,1 26,1 26,1 . 26,1 14,4 0 0
. . . . . . . . .
. . . . . . . . . .
37,2 37,2 37,2 . 37,2 25,5 11,1 11,1 11,1 11,1 3,1
43,3 43,3 43,3 . 43,3 31,6 17,2 17,2 17,2 17,2 10,7 6,7
51,5 51,5 51,5 . 51,5 39,8 25,4 25,4 25,4 25,4 20,7 14,5 7,2
55,5 55,5 55,5 . 55,5 43,8 29,4 29,4 29,4 29,4 25 19,9 12,4 4,6
61,8 61,8 61,8 . 61,8 50,1 35,7 35,7 35,7 35,7 31,5 24,9 17 9,4 4
. . . . . . . . . . . . . . . .
61,8 61,8 61,8 . 61,8 50,1 35,7 35,7 35,7 35,7 31,5 24,9 17 9,4 4 . 0
