.
1,6 1,6
5,2 5,2 5,2
13,1 13,1 13,1 .
. . . . .
13,1 13,1 13,1 . 13,1 7
13,1 13,1 13,1 . 13,1 7 0
13,1 13,1 13,1 . 13,1 7 0 0
. . . . . . . . .
. . . . . . . . . .
18,6 18,6 18,6 . 18,6 12,5 5,5 5,5 5,5 5,5 1,5
22 22 22 . 22 15,9 8,9 8,9 8,9 8,9 5,3 2,7
26 26 26 . 26 19,9 12,9 12,9 12,9 12,9 9,4 6,8 3,3
28,1 28,1 28,1 . 28,1 22 15 15 15 15 12,4 9,4 5,8 2,1
30,3 30,3 30,3 . 30,3 24,2 17,2 17,2 17,2 17,2 15,6 12,7 8,1 4,3 1,7
. . . . . . . . . . . . . . . .
30,3 30,3 30,3 . 30,3 24,2 17,2 17,2 17,2 17,2 15,6 12,7 8,1 4,3 1,7 . 0
