0
0 0
0 0 0
0 0 0 0
0 0 0 0 0
0 0 0 0 0 0
0 0 0 0 0 0 .
. . . . . . . .
0 0 0 0 0 0 . . .
. . . . . . . . . .
1,1 1,1 1,1 1,1 1,1 1,1 1,1 . 1,1 0,8 0,8
1,8 1,8 1,8 1,8 1,8 1,8 1,8 . 1,8 1,3 1,3 0,7
3,9 3,9 3,9 3,9 3,9 3,9 3,9 . 3,9 3,2 3,2 2,5 1,7
3,9 3,9 3,9 3,9 3,9 3,9 3,9 . 3,9 3,2 3,2 2,5 1,7 0
3,9 3,9 3,9 3,9 3,9 3,9 3,9 . 3,9 3,2 3,2 2,5 1,7 0 0
3,9 3,9 3,9 3,9 3,9 3,9 3,9 . 3,9 3,2 3,2 2,5 1,7 0 0 0
3,9 3,9 3,9 3,9 3,9 3,9 3,9 . 3,9 3,2 3,2 2,5 1,7 0 0 0 0
3,9 3,9 3,9 3,9 3,9 3,9 3,9 . 3,9 3,2 3,2 2,5 1,7 0 0 0 0 0
3,9 3,9 3,9 3,9 3,9 3,9 3,9 . 3,9 3,2 3,2 2,5 1,7 0 0 0 0 0 0
3,9 3,9 3,9 3,9 3,9 3,9 3,9 . 3,9 3,2 3,2 2,5 1,7 0 0 0 0 0 0 0
3,9 3,9 3,9 3,9 3,9 3,9 3,9 . 3,9 3,2 3,2 2,5 1,7 . . . . . . . .
6,7 6,7 6,7 6,7 6,7 6,7 6,7 . 6,7 6 6 4,9 4,1 2,2 2,2 2,2 2,2 2,2 2,2 2,2 2,2 2,2
8,9 8,9 8,9 8,9 8,9 8,9 8,9 . 8,9 8,2 8,2 7 6,1 4,3 4,3 4,3 4,3 4,3 4,3 4,3 4,3 4,3 1,8
11,5 11,5 11,5 11,5 11,5 11,5 11,5 . 11,5 10,8 10,8 10,1 9,2 7,1 7,1 7,1 7,1 7,1 7,1 7,1 7,1 7,1 4,4 2,2
13,2 13,2 13,2 13,2 13,2 13,2 13,2 . 13,2 12,5 12,5 11,9 10,7 8,5 8,5 8,5 8,5 8,5 8,5 8,5 8,5 8,5 5,5 2,9 0,5
13,7 13,7 13,7 13,7 13,7 13,7 13,7 . 13,7 13 13 12 11,4 9,7 9,7 9,7 9,7 9,7 9,7 9,7 9,7 9,7 6,8 4,5 2,6 2,5
16,7 16,7 16,7 16,7 16,7 16,7 16,7 . 16,7 16 16 15,7 14,3 13,2 13,2 13,2 13,2 13,2 13,2 13,2 13,2 13,2 10,3 8,3 5,1 5 2,2
18,5 18,5 18,5 18,5 18,5 18,5 18,5 . 18,5 17,8 17,8 17,3 15,9 14,7 14,7 14,7 14,7 14,7 14,7 14,7 14,7 14,7 12,3 9,4 6,9 6,8 4 1,5
20,1 20,1 20,1 20,1 20,1 20,1 20,1 . 20,1 19,4 19,4 18,5 17,5 16,2 16,2 16,2 16,2 16,2 16,2 16,2 16,2 16,2 14,2 11,6 8,4 8,3 5,5 3,2 1,8
22,3 22,3 22,3 22,3 22,3 22,3 22,3 . 22,3 21,6 21,6 20,5 19,7 18,1 18,1 18,1 18,1 18,1 18,1 18,1 18,1 18,1 15,3 13,1 9,1 9 6,6 4,9 3,3 1,1
22,9 22,9 22,9 22,9 22,9 22,9 22,9 . 22,9 22,2 22,2 22 21,8 19,8 19,8 19,8 19,8 19,8 19,8 19,8 19,8 19,8 17,3 14,5 11,9 11,8 8,5 5,9 4,3 2,3 1,3
22,9 22,9 22,9 22,9 22,9 22,9 22,9 . 22,9 22,2 22,2 22 21,8 19,8 19,8 19,8 19,8 19,8 19,8 19,8 19,8 19,8 17,3 14,5 11,9 11,8 8,5 5,9 4,3 2,3 1,3 .
21,1 21,1 21,1 21,1 21,1 21,1 21,1 . 21,1 20,4 20,4 20 18,8 17,9 17,9 17,9 17,9 17,9 17,9 17,9 17,9 17,9 15,4 13,1 10 9,9 7,2 5,1 3,5 2,8 4,1 5,8 5,8
24,7 24,7 24,7 24,7 24,7 24,7 24,7 . 24,7 24 24 23,6 22,4 21,5 21,5 21,5 21,5 21,5 21,5 21,5 21,5 21,5 19 16,7 13,6 13,5 10,8 8,7 7,1 6,4 7,7 9,4 9,4 3
30,4 30,4 30,4 30,4 30,4 30,4 30,4 . 30,4 29,7 29,7 29,3 28,1 27,2 27,2 27,2 27,2 27,2 27,2 27,2 27,2 27,2 24,7 22,4 19,3 19,2 16,5 14,4 12,8 12,1 13,4 15,1 15,1 7,6 4,6
32,6 32,6 32,6 32,6 32,6 32,6 32,6 . 32,6 31,9 31,9 31,5 30,3 29,4 29,4 29,4 29,4 29,4 29,4 29,4 29,4 29,4 26,9 24,6 21,5 21,4 18,7 16,6 15 14,3 15,6 17,3 17,3 9,3 6,4 1,8
38 38 38 38 38 38 38 . 38 37,3 37,3 36,9 35,7 34,8 34,8 34,8 34,8 34,8 34,8 34,8 34,8 34,8 32,3 30 26,9 26,8 24,1 22 20,4 19,7 21 22,7 22,7 13,7 10,8 6,1 4,4
38 38 38 38 38 38 38 . 38 37,3 37,3 36,9 35,7 34,8 34,8 34,8 34,8 34,8 34,8 34,8 34,8 34,8 32,3 30 26,9 26,8 24,1 22 20,4 19,7 21 22,7 22,7 14,6 11,7 7,1 5,3 0
38,1 38,1 38,1 38,1 38,1 38,1 38,1 . 38,1 37,4 37,4 37 35,8 34,9 34,9 34,9 34,9 34,9 34,9 34,9 34,9 34,9 32,4 30,1 27 26,9 24,2 22,1 20,5 19,8 21,1 22,8 22,8 16,3 13,4 8,8 7 2,6 .
43,8 43,8 43,8 43,8 43,8 43,8 43,8 . 43,8 43,1 43,1 42,7 41,5 40,6 40,6 40,6 40,6 40,6 40,6 40,6 40,6 40,6 38,1 35,8 32,7 32,6 29,9 27,8 26,2 25,5 26,8 28,5 28,5 18,4 15,5 10,9 9,1 4,7 . 2,1
56,6 56,6 56,6 56,6 56,6 56,6 56,6 . 56,6 55,9 55,9 55,5 54,3 53,4 53,4 53,4 53,4 53,4 53,4 53,4 53,4 53,4 50,9 48,6 45,5 45,4 42,7 40,6 39 38,3 39,6 41,3 41,3 30,7 27,7 24,1 24 18,6 . 15,3 12,7
56,6 56,6 56,6 56,6 56,6 56,6 56,6 . 56,6 55,9 55,9 55,5 54,3 53,4 53,4 53,4 53,4 53,4 53,4 53,4 53,4 53,4 50,9 48,6 45,5 45,4 42,7 40,6 39 38,3 39,6 41,3 41,3 30,7 27,7 24,1 24 18,6 . 15,3 12,7 0
56,6 56,6 56,6 56,6 56,6 56,6 56,6 . 56,6 55,9 55,9 55,5 54,3 53,4 53,4 53,4 53,4 53,4 53,4 53,4 53,4 53,4 50,9 48,6 45,5 45,4 42,7 40,6 39 38,3 39,6 41,3 41,3 30,7 27,7 24,1 24 18,6 . 15,3 12,7 0 0
56,6 56,6 56,6 56,6 56,6 56,6 56,6 . 56,6 55,9 55,9 55,5 54,3 53,4 53,4 53,4 53,4 53,4 53,4 53,4 53,4 53,4 50,9 48,6 45,5 45,4 42,7 40,6 39 38,3 39,6 41,3 41,3 30,7 27,7 24,1 24 18,6 . 15,3 12,7 0 0 0
56,6 56,6 56,6 56,6 56,6 56,6 56,6 . 56,6 55,9 55,9 55,5 54,3 53,4 53,4 53,4 53,4 53,4 53,4 53,4 53,4 53,4 50,9 48,6 45,5 45,4 42,7 40,6 39 38,3 39,6 41,3 41,3 30,7 27,7 24,1 24 18,6 . 15,3 12,7 0 0 0 0
. . . . . . . . . . . . . . . . . . . . . . . . . . . . . . . . . . . . . . . . . 1,3 1,3 1,3 1,3 1,3
56,6 56,6 56,6 56,6 56,6 56,6 56,6 . 56,6 55,9 55,9 55,5 54,3 53,4 53,4 53,4 53,4 53,4 53,4 53,4 53,4 53,4 50,9 48,6 45,5 45,4 42,7 40,6 39 38,3 39,6 41,3 41,3 30,7 27,7 24,1 24 18,6 . 15,3 12,7 . . . . . .
54,2 54,2 54,2 54,2 54,2 54,2 54,2 . 54,2 53,5 53,5 53,1 51,9 51 51 51 51 51 51 51 51 51 48,5 46,2 43,1 43 40,3 38,2 36,6 35,9 37,2 38,9 38,9 28,3 25,3 21,7 21,6 16,2 . 12,9 10,3 2,5 2,5 2,5 2,5 2,5 . 2,5
51,6 51,6 51,6 51,6 51,6 51,6 51,6 . 51,6 50,9 50,9 50,5 49,3 48,4 48,4 48,4 48,4 48,4 48,4 48,4 48,4 48,4 45,9 43,6 40,5 40,4 37,7 35,6 34 33,3 34,6 36,3 36,3 25,7 22,7 19,1 19 13,6 . 10,3 7,7 4 4 4 4 4 . 4 1,5
50,7 50,7 50,7 50,7 50,7 50,7 50,7 . 50,7 50 50 49,6 48,4 47,5 47,5 47,5 47,5 47,5 47,5 47,5 47,5 47,5 45 42,7 39,6 39,5 36,8 34,7 33,1 32,4 33,7 35,4 35,4 24,8 21,8 18,2 18,1 12,7 . 9,4 6,8 5,6 5,6 5,6 5,6 5,6 . 5,6 3,5 1,3
48,6 48,6 48,6 48,6 48,6 48,6 48,6 . 48,6 47,9 47,9 47,5 46,3 45,4 45,4 45,4 45,4 45,4 45,4 45,4 45,4 45,4 42,9 40,6 37,5 37,4 34,7 32,6 31 30,3 31,6 33,3 33,3 22,7 19,7 16,1 16 10,6 . 7,3 4,7 7,7 7,7 7,7 7,7 7,7 . 7,7 5,2 2,8 1,7
48 48 48 48 48 48 48 . 48 47,3 47,3 46,9 45,7 44,8 44,8 44,8 44,8 44,8 44,8 44,8 44,8 44,8 42,3 40 36,9 36,8 34,1 32 30,4 29,7 31 32,7 32,7 22,1 19,1 15,5 15,4 10 . 6,7 4,1 9,3 9,3 9,3 9,3 9,3 . 9,3 7,1 4,3 3,5 1,1
48,9 48,9 48,9 48,9 48,9 48,9 48,9 . 48,9 48,2 48,2 47,8 46,6 45,7 45,7 45,7 45,7 45,7 45,7 45,7 45,7 45,7 43,2 40,9 37,8 37,7 35 32,9 31,3 30,6 31,9 33,6 33,6 23 20 16,4 16,3 10,9 . 7,6 5 9,7 9,7 9,7 9,7 9,7 . 9,7 7,3 4,7 3,7 1,8 0,4
49,5 49,5 49,5 49,5 49,5 49,5 49,5 . 49,5 48,8 48,8 48,4 47,2 46,3 46,3 46,3 46,3 46,3 46,3 46,3 46,3 46,3 43,8 41,5 38,4 38,3 35,6 33,5 31,9 31,2 32,5 34,2 34,2 23,6 20,6 17 16,9 11,5 . 8,2 5,6 10,4 10,4 10,4 10,4 10,4 . 10,4 7,9 5,5 4,3 2,4 1,6 1,2
52,3 52,3 52,3 52,3 52,3 52,3 52,3 . 52,3 51,6 51,6 51,2 50 49,1 49,1 49,1 49,1 49,1 49,1 49,1 49,1 49,1 46,6 44,3 41,2 41,1 38,4 36,3 34,7 34 35,3 37 37 26,4 23,4 19,8 19,7 14,3 . 11 8,4 14,1 14,1 14,1 14,1 14,1 . 14,1 11,3 8,5 7,7 4,9 4,3 3,1 2
52,7 52,7 52,7 52,7 52,7 52,7 52,7 . 52,7 52 52 51,6 50,4 49,5 49,5 49,5 49,5 49,5 49,5 49,5 49,5 49,5 47 44,7 41,6 41,5 38,8 36,7 35,1 34,4 35,7 37,4 37,4 26,8 23,8 20,2 20,1 14,7 . 11,4 8,8 14,4 14,4 14,4 14,4 14,4 . 14,4 11,5 8,9 8 5,4 4,6 3,8 2,7 0,6
53 53 53 53 53 53 53 . 53 52,3 52,3 51,9 50,7 49,8 49,8 49,8 49,8 49,8 49,8 49,8 49,8 49,8 47,3 45 41,9 41,8 39,1 37 35,4 34,7 36 37,7 37,7 27,1 24,1 20,5 20,4 15 . 11,7 9,1 15,3 15,3 15,3 15,3 15,3 . 15,3 11,7 9,5 8,6 6,2 4,9 4,2 3,1 1,1 0
53,9 53,9 53,9 53,9 53,9 53,9 53,9 . 53,9 53,2 53,2 52,8 51,6 50,7 50,7 50,7 50,7 50,7 50,7 50,7 50,7 50,7 48,2 45,9 42,8 42,7 40 37,9 36,3 35,6 36,9 38,6 38,6 28 25 21,4 21,3 15,9 . 12,6 10 15,5 15,5 15,5 15,5 15,5 . 15,5 12,4 10 9,2 6,8 5,3 4,8 3,6 1,5 0 0
54,3 54,3 54,3 54,3 54,3 54,3 54,3 . 54,3 53,6 53,6 53,2 52 51,1 51,1 51,1 51,1 51,1 51,1 51,1 51,1 51,1 48,6 46,3 43,2 43,1 40,4 38,3 36,7 36 37,3 39 39 28,4 25,4 21,8 21,7 16,3 . 13 10,4 15,8 15,8 15,8 15,8 15,8 . 15,8 12,7 10,5 9,6 7,4 5,9 5,5 4,3 2,2 1,1 0,7 0,4
56,6 56,6 56,6 56,6 56,6 56,6 56,6 . 56,6 55,9 55,9 55,5 54,3 53,4 53,4 53,4 53,4 53,4 53,4 53,4 53,4 53,4 50,9 48,6 45,5 45,4 42,7 40,6 39 38,3 39,6 41,3 41,3 30,7 27,7 24,1 24 18,6 . 15,3 12,7 17,3 17,3 17,3 17,3 17,3 . 17,3 14,4 12,3 11,3 9,1 8,5 7,3 6,2 3,9 3,5 2,7 2,2 1,7
57,5 57,5 57,5 57,5 57,5 57,5 57,5 . 57,5 56,8 56,8 56,4 55,2 54,3 54,3 54,3 54,3 54,3 54,3 54,3 54,3 54,3 51,8 49,5 46,4 46,3 43,6 41,5 39,9 39,2 40,5 42,2 42,2 31,6 28,6 25 24,9 19,5 . 16,2 13,6 19,6 19,6 19,6 19,6 19,6 . 19,6 16,5 13,9 13 11 9,5 8,5 7,4 4,8 4,4 3,6 3,3 2,8 1,4
61,2 61,2 61,2 61,2 61,2 61,2 61,2 . 61,2 60,5 60,5 60,1 58,9 58 58 58 58 58 58 58 58 58 55,5 53,2 50,1 50 47,3 45,2 43,6 42,9 44,2 45,9 45,9 35,3 32,3 28,7 28,6 23,2 . 19,9 17,3 22,3 22,3 22,3 22,3 22,3 . 22,3 20,2 17,2 16,3 13,9 13,5 12 10,9 8,6 8,1 6,8 6,4 5,9 4,2 2,1
. . . . . . . . . . . . . . . . . . . . . . . . . . . . . . . . . . . . . . . . . . . . . . . . . . . . . . . . . . . . . . .
61,2 61,2 61,2 61,2 61,2 61,2 61,2 . 61,2 60,5 60,5 60,1 58,9 58 58 58 58 58 58 58 58 58 55,5 53,2 50,1 50 47,3 45,2 43,6 42,9 44,2 45,9 45,9 35,3 32,3 28,7 28,6 23,2 . 19,9 17,3 22,3 22,3 22,3 22,3 22,3 . 22,3 20,2 17,2 16,3 13,9 13,5 12 10,9 8,6 8,1 6,8 6,4 5,9 4,2 2,1 . 1,5
61,2 61,2 61,2 61,2 61,2 61,2 61,2 . 61,2 60,5 60,5 60,1 58,9 58 58 58 58 58 58 58 58 58 55,5 53,2 50,1 50 47,3 45,2 43,6 42,9 44,2 45,9 45,9 35,3 32,3 28,7 28,6 23,2 . 19,9 17,3 22,3 22,3 22,3 22,3 22,3 . 22,3 20,2 17,2 16,3 13,9 13,5 12 10,9 8,6 8,1 6,8 6,4 5,9 4,2 2,1 . 1,5 0
61,2 61,2 61,2 61,2 61,2 61,2 61,2 . 61,2 60,5 60,5 60,1 58,9 58 58 58 58 58 58 58 58 58 55,5 53,2 50,1 50 47,3 45,2 43,6 42,9 44,2 45,9 45,9 35,3 32,3 28,7 28,6 23,2 . 19,9 17,3 22,3 22,3 22,3 22,3 22,3 . 22,3 20,2 17,2 16,3 13,9 13,5 12 10,9 8,6 8,1 6,8 6,4 5,9 4,2 2,1 . 1,5 0 0
