0
0 0
0 0 0
0 0 0 0
0 0 0 0 0
0 0 0 0 0 0
0 0 0 0 0 0 .
. . . . . . . .
0 0 0 0 0 0 . . .
. . . . . . . . . .
3,1 3,1 3,1 3,1 3,1 3,1 3,1 . 3,1 2,3 2,3
4,5 4,5 4,5 4,5 4,5 4,5 4,5 . 4,5 3,4 3,4 1,6
9,8 9,8 9,8 9,8 9,8 9,8 9,8 . 9,8 8,3 8,3 5,9 4,3
9,8 9,8 9,8 9,8 9,8 9,8 9,8 . 9,8 8,3 8,3 5,9 4,3 0
9,8 9,8 9,8 9,8 9,8 9,8 9,8 . 9,8 8,3 8,3 5,9 4,3 0 0
9,8 9,8 9,8 9,8 9,8 9,8 9,8 . 9,8 8,3 8,3 5,9 4,3 0 0 0
9,8 9,8 9,8 9,8 9,8 9,8 9,8 . 9,8 8,3 8,3 5,9 4,3 0 0 0 0
9,8 9,8 9,8 9,8 9,8 9,8 9,8 . 9,8 8,3 8,3 5,9 4,3 0 0 0 0 0
9,8 9,8 9,8 9,8 9,8 9,8 9,8 . 9,8 8,3 8,3 5,9 4,3 0 0 0 0 0 0
9,8 9,8 9,8 9,8 9,8 9,8 9,8 . 9,8 8,3 8,3 5,9 4,3 0 0 0 0 0 0 0
9,8 9,8 9,8 9,8 9,8 9,8 9,8 . 9,8 8,3 8,3 5,9 4,3 . . . . . . . .
15 15 15 15 15 15 15 . 15 13,5 13,5 9,7 9 4,8 4,8 4,8 4,8 4,8 4,8 4,8 4,8 4,8
20,6 20,6 20,6 20,6 20,6 20,6 20,6 . 20,6 19,1 19,1 15,4 14,4 9,5 9,5 9,5 9,5 9,5 9,5 9,5 9,5 9,5 4,3
25,1 25,1 25,1 25,1 25,1 25,1 25,1 . 25,1 23,6 23,6 22,3 20,9 16 16 16 16 16 16 16 16 16 10,5 4,8
29,5 29,5 29,5 29,5 29,5 29,5 29,5 . 29,5 28 28 26,2 24,1 19,3 19,3 19,3 19,3 19,3 19,3 19,3 19,3 19,3 13,1 6,7 1,1
30,1 30,1 30,1 30,1 30,1 30,1 30,1 . 30,1 28,6 28,6 26,7 24,4 20,8 20,8 20,8 20,8 20,8 20,8 20,8 20,8 20,8 14,7 10,8 5,9 5,6
39,3 39,3 39,3 39,3 39,3 39,3 39,3 . 39,3 37,8 37,8 31,9 31,7 28,6 28,6 28,6 28,6 28,6 28,6 28,6 28,6 28,6 22,9 16,9 11 10,8 4,7
41,5 41,5 41,5 41,5 41,5 41,5 41,5 . 41,5 40 40 35,2 34,3 31,7 31,7 31,7 31,7 31,7 31,7 31,7 31,7 31,7 25,6 21 15,2 15 9 3,9
46,1 46,1 46,1 46,1 46,1 46,1 46,1 . 46,1 44,6 44,6 39 38,3 34,7 34,7 34,7 34,7 34,7 34,7 34,7 34,7 34,7 29,3 24,3 18,6 18,4 12,2 7 3,8
49,1 49,1 49,1 49,1 49,1 49,1 49,1 . 49,1 47,6 47,6 42 41,2 36,4 36,4 36,4 36,4 36,4 36,4 36,4 36,4 36,4 32,7 27,5 21,4 21,2 14,7 9,9 7 2,4
52,5 52,5 52,5 52,5 52,5 52,5 52,5 . 52,5 51 51 47,7 46,6 43,6 43,6 43,6 43,6 43,6 43,6 43,6 43,6 43,6 37,5 31,7 26,2 26 18,8 14,2 9,5 5,1 3,3
52,5 52,5 52,5 52,5 52,5 52,5 52,5 . 52,5 51 51 47,7 46,6 43,6 43,6 43,6 43,6 43,6 43,6 43,6 43,6 43,6 37,5 31,7 26,2 26 18,8 14,2 9,5 5,1 3,3 .
50,7 50,7 50,7 50,7 50,7 50,7 50,7 . 50,7 49,2 49,2 43,6 42,7 39,1 39,1 39,1 39,1 39,1 39,1 39,1 39,1 39,1 34,1 29,2 23,6 23,4 17,1 12,1 8,4 6,6 9,3 12,7 12,7
60,2 60,2 60,2 60,2 60,2 60,2 60,2 . 60,2 58,7 58,7 53,1 52,2 48,6 48,6 48,6 48,6 48,6 48,6 48,6 48,6 48,6 43,6 38,7 33,1 32,9 26,6 21,6 17,9 16,1 18,8 22,2 22,2 7,6
74,9 74,9 74,9 74,9 74,9 74,9 74,9 . 74,9 73,4 73,4 67,8 66,9 63,3 63,3 63,3 63,3 63,3 63,3 63,3 63,3 63,3 58,3 53,4 47,8 47,6 41,3 36,3 32,6 30,8 33,5 36,9 36,9 19,3 11,8
80,5 80,5 80,5 80,5 80,5 80,5 80,5 . 80,5 79 79 73,4 72,5 68,9 68,9 68,9 68,9 68,9 68,9 68,9 68,9 68,9 63,9 59 53,4 53,2 46,9 41,9 38,2 36,4 39,1 42,5 42,5 26,1 17,9 4,5
92,7 92,7 92,7 92,7 92,7 92,7 92,7 . 92,7 91,2 91,2 85,6 84,7 81,1 81,1 81,1 81,1 81,1 81,1 81,1 81,1 81,1 76,1 71,2 65,6 65,4 59,1 54,1 50,4 48,6 51,3 54,7 54,7 38,3 27,4 17,1 12,3
92,7 92,7 92,7 92,7 92,7 92,7 92,7 . 92,7 91,2 91,2 85,6 84,7 81,1 81,1 81,1 81,1 81,1 81,1 81,1 81,1 81,1 76,1 71,2 65,6 65,4 59,1 54,1 50,4 48,6 51,3 54,7 54,7 37,3 29,8 18 13,6 0
92,8 92,8 92,8 92,8 92,8 92,8 92,8 . 92,8 91,3 91,3 85,7 84,8 81,2 81,2 81,2 81,2 81,2 81,2 81,2 81,2 81,2 76,2 71,3 65,7 65,5 59,2 54,2 50,5 48,7 51,4 54,8 54,8 41,6 34 22,3 17,8 8,3 .
102 102 102 102 102 102 102 . 102 100,5 100,5 94,9 94 90,4 90,4 90,4 90,4 90,4 90,4 90,4 90,4 90,4 85,4 80,5 74,9 74,7 68,4 63,4 59,7 57,9 60,6 64 64 46,9 39,4 27,6 25,5 15 . 5,9
138,7 138,7 138,7 138,7 138,7 138,7 138,7 . 138,7 137,2 137,2 131,6 130,7 127,1 127,1 127,1 127,1 127,1 127,1 127,1 127,1 127,1 122,1 117,2 111,6 111,4 105,1 100,1 96,4 94,6 97,3 100,7 100,7 79,6 66,6 58,4 58,2 44,1 . 35,9 29,2
138,7 138,7 138,7 138,7 138,7 138,7 138,7 . 138,7 137,2 137,2 131,6 130,7 127,1 127,1 127,1 127,1 127,1 127,1 127,1 127,1 127,1 122,1 117,2 111,6 111,4 105,1 100,1 96,4 94,6 97,3 100,7 100,7 79,6 66,6 58,4 58,2 44,1 . 35,9 29,2 0
138,7 138,7 138,7 138,7 138,7 138,7 138,7 . 138,7 137,2 137,2 131,6 130,7 127,1 127,1 127,1 127,1 127,1 127,1 127,1 127,1 127,1 122,1 117,2 111,6 111,4 105,1 100,1 96,4 94,6 97,3 100,7 100,7 79,6 66,6 58,4 58,2 44,1 . 35,9 29,2 0 0
138,7 138,7 138,7 138,7 138,7 138,7 138,7 . 138,7 137,2 137,2 131,6 130,7 127,1 127,1 127,1 127,1 127,1 127,1 127,1 127,1 127,1 122,1 117,2 111,6 111,4 105,1 100,1 96,4 94,6 97,3 100,7 100,7 79,6 66,6 58,4 58,2 44,1 . 35,9 29,2 0 0 0
138,7 138,7 138,7 138,7 138,7 138,7 138,7 . 138,7 137,2 137,2 131,6 130,7 127,1 127,1 127,1 127,1 127,1 127,1 127,1 127,1 127,1 122,1 117,2 111,6 111,4 105,1 100,1 96,4 94,6 97,3 100,7 100,7 79,6 66,6 58,4 58,2 44,1 . 35,9 29,2 0 0 0 0
. . . . . . . . . . . . . . . . . . . . . . . . . . . . . . . . . . . . . . . . . 1,3 1,3 1,3 1,3 1,3
138,7 138,7 138,7 138,7 138,7 138,7 138,7 . 138,7 137,2 137,2 131,6 130,7 127,1 127,1 127,1 127,1 127,1 127,1 127,1 127,1 127,1 122,1 117,2 111,6 111,4 105,1 100,1 96,4 94,6 97,3 100,7 100,7 79,6 66,6 58,4 58,2 44,1 . 35,9 29,2 . . . . . .
134,1 134,1 134,1 134,1 134,1 134,1 134,1 . 134,1 132,6 132,6 127 126,1 122,5 122,5 122,5 122,5 122,5 122,5 122,5 122,5 122,5 117,5 112,6 107 106,8 100,5 95,5 91,8 90 92,7 96,1 96,1 75 62 53,8 53,6 39,5 . 31,3 24,6 5,2 5,2 5,2 5,2 5,2 . 5,2
127,8 127,8 127,8 127,8 127,8 127,8 127,8 . 127,8 126,3 126,3 120,7 119,8 116,2 116,2 116,2 116,2 116,2 116,2 116,2 116,2 116,2 111,2 106,3 100,7 100,5 94,2 89,2 85,5 83,7 86,4 89,8 89,8 68,7 55,7 47,5 47,3 33,2 . 25 18,3 9,3 9,3 9,3 9,3 9,3 . 9,3 3,2
125,3 125,3 125,3 125,3 125,3 125,3 125,3 . 125,3 123,8 123,8 118,2 117,3 113,7 113,7 113,7 113,7 113,7 113,7 113,7 113,7 113,7 108,7 103,8 98,2 98 91,7 86,7 83 81,2 83,9 87,3 87,3 66,2 53,2 45 44,8 30,7 . 22,5 15,8 13,4 13,4 13,4 13,4 13,4 . 13,4 8,8 2,9
121,7 121,7 121,7 121,7 121,7 121,7 121,7 . 121,7 120,2 120,2 114,6 113,7 110,1 110,1 110,1 110,1 110,1 110,1 110,1 110,1 110,1 105,1 100,2 94,6 94,4 88,1 83,1 79,4 77,6 80,3 83,7 83,7 62,6 49,6 41,4 41,2 27,1 . 18,9 12,2 16,9 16,9 16,9 16,9 16,9 . 16,9 11,5 6,5 4
120,2 120,2 120,2 120,2 120,2 120,2 120,2 . 120,2 118,7 118,7 113,1 112,2 108,6 108,6 108,6 108,6 108,6 108,6 108,6 108,6 108,6 103,6 98,7 93,1 92,9 86,6 81,6 77,9 76,1 78,8 82,2 82,2 61,1 48,1 39,9 39,7 25,6 . 17,4 10,7 19,5 19,5 19,5 19,5 19,5 . 19,5 15,7 9,4 7,1 2,8
121,7 121,7 121,7 121,7 121,7 121,7 121,7 . 121,7 120,2 120,2 114,6 113,7 110,1 110,1 110,1 110,1 110,1 110,1 110,1 110,1 110,1 105,1 100,2 94,6 94,4 88,1 83,1 79,4 77,6 80,3 83,7 83,7 62,6 49,6 41,4 41,2 27,1 . 18,9 12,2 21,9 21,9 21,9 21,9 21,9 . 21,9 17 10,4 8,5 3,8 1,1
123,4 123,4 123,4 123,4 123,4 123,4 123,4 . 123,4 121,9 121,9 116,3 115,4 111,8 111,8 111,8 111,8 111,8 111,8 111,8 111,8 111,8 106,8 101,9 96,3 96,1 89,8 84,8 81,1 79,3 82 85,4 85,4 64,3 51,3 43,1 42,9 28,8 . 20,6 13,9 23 23 23 23 23 . 23 18,2 12,3 10,2 5,5 3,3 2,7
128,5 128,5 128,5 128,5 128,5 128,5 128,5 . 128,5 127 127 121,4 120,5 116,9 116,9 116,9 116,9 116,9 116,9 116,9 116,9 116,9 111,9 107 101,4 101,2 94,9 89,9 86,2 84,4 87,1 90,5 90,5 69,4 56,4 48,2 48 33,9 . 25,7 19 30,6 30,6 30,6 30,6 30,6 . 30,6 23,9 18,9 17,2 12 8,5 7,1 4,6
129,6 129,6 129,6 129,6 129,6 129,6 129,6 . 129,6 128,1 128,1 122,5 121,6 118 118 118 118 118 118 118 118 118 113 108,1 102,5 102,3 96 91 87,3 85,5 88,2 91,6 91,6 70,5 57,5 49,3 49,1 35 . 26,8 20,1 31,1 31,1 31,1 31,1 31,1 . 31,1 24,2 20,4 18,4 13,1 9,5 8,2 6,1 1,4
131 131 131 131 131 131 131 . 131 129,5 129,5 123,9 123 119,4 119,4 119,4 119,4 119,4 119,4 119,4 119,4 119,4 114,4 109,5 103,9 103,7 97,4 92,4 88,7 86,9 89,6 93 93 71,9 58,9 50,7 50,5 36,4 . 28,2 21,5 31,5 31,5 31,5 31,5 31,5 . 31,5 25,5 20,6 18,8 14,1 11,1 9,5 7,2 2,4 0
133 133 133 133 133 133 133 . 133 131,5 131,5 125,9 125 121,4 121,4 121,4 121,4 121,4 121,4 121,4 121,4 121,4 116,4 111,5 105,9 105,7 99,4 94,4 90,7 88,9 91,6 95 95 73,9 60,9 52,7 52,5 38,4 . 30,2 23,5 32,6 32,6 32,6 32,6 32,6 . 32,6 25,9 21 19 14,2 12 11,3 8,6 3,4 0 0
133,9 133,9 133,9 133,9 133,9 133,9 133,9 . 133,9 132,4 132,4 126,8 125,9 122,3 122,3 122,3 122,3 122,3 122,3 122,3 122,3 122,3 117,3 112,4 106,8 106,6 100,3 95,3 91,6 89,8 92,5 95,9 95,9 74,8 61,8 53,6 53,4 39,3 . 31,1 24,4 34,2 34,2 34,2 34,2 34,2 . 34,2 28,7 24,5 22,6 16,6 14,1 12,8 10,2 4,4 2,9 1,9 0,9
138 138 138 138 138 138 138 . 138 136,5 136,5 130,9 130 126,4 126,4 126,4 126,4 126,4 126,4 126,4 126,4 126,4 121,4 116,5 110,9 110,7 104,4 99,4 95,7 93,9 96,6 100 100 78,9 65,9 57,7 57,5 43,4 . 35,2 28,5 38,5 38,5 38,5 38,5 38,5 . 38,5 33 28,9 27 20,6 18 17,3 14,9 9,1 8,2 6,1 5,2 4
140,5 140,5 140,5 140,5 140,5 140,5 140,5 . 140,5 139 139 133,4 132,5 128,9 128,9 128,9 128,9 128,9 128,9 128,9 128,9 128,9 123,9 119 113,4 113,2 106,9 101,9 98,2 96,4 99,1 102,5 102,5 81,4 68,4 60,2 60 45,9 . 37,7 31 41,6 41,6 41,6 41,6 41,6 . 41,6 35,8 30,8 29,1 23,1 19,9 19,8 17,5 10,9 10,3 8,3 7,2 6,4 3,1
148,5 148,5 148,5 148,5 148,5 148,5 148,5 . 148,5 147 147 141,4 140,5 136,9 136,9 136,9 136,9 136,9 136,9 136,9 136,9 136,9 131,9 127 121,4 121,2 114,9 109,9 106,2 104,4 107,1 110,5 110,5 89,4 76,4 68,2 68 53,9 . 45,7 39 49,8 49,8 49,8 49,8 49,8 . 49,8 43,2 39 37 31,1 26,8 26,3 23,7 19,4 18,4 15 14,3 12,9 9,4 5,5
. . . . . . . . . . . . . . . . . . . . . . . . . . . . . . . . . . . . . . . . . . . . . . . . . . . . . . . . . . . . . . .
148,5 148,5 148,5 148,5 148,5 148,5 148,5 . 148,5 147 147 141,4 140,5 136,9 136,9 136,9 136,9 136,9 136,9 136,9 136,9 136,9 131,9 127 121,4 121,2 114,9 109,9 106,2 104,4 107,1 110,5 110,5 89,4 76,4 68,2 68 53,9 . 45,7 39 49,8 49,8 49,8 49,8 49,8 . 49,8 43,2 39 37 31,1 26,8 26,3 23,7 19,4 18,4 15 14,3 12,9 9,4 5,5 . 3,4
148,5 148,5 148,5 148,5 148,5 148,5 148,5 . 148,5 147 147 141,4 140,5 136,9 136,9 136,9 136,9 136,9 136,9 136,9 136,9 136,9 131,9 127 121,4 121,2 114,9 109,9 106,2 104,4 107,1 110,5 110,5 89,4 76,4 68,2 68 53,9 . 45,7 39 49,8 49,8 49,8 49,8 49,8 . 49,8 43,2 39 37 31,1 26,8 26,3 23,7 19,4 18,4 15 14,3 12,9 9,4 5,5 . 3,4 0
148,5 148,5 148,5 148,5 148,5 148,5 148,5 . 148,5 147 147 141,4 140,5 136,9 136,9 136,9 136,9 136,9 136,9 136,9 136,9 136,9 131,9 127 121,4 121,2 114,9 109,9 106,2 104,4 107,1 110,5 110,5 89,4 76,4 68,2 68 53,9 . 45,7 39 49,8 49,8 49,8 49,8 49,8 . 49,8 43,2 39 37 31,1 26,8 26,3 23,7 19,4 18,4 15 14,3 12,9 9,4 5,5 . 3,4 0 0
