0
0 0
0 0 0
0 0 0 0
0 0 0 0 0
0 0 0 0 0 0
0 0 0 0 0 0 .
. . . . . . . .
0 0 0 0 0 0 . . .
. . . . . . . . . .
2 2 2 2 2 2 2 . 2 1,4 1,4
3,1 3,1 3,1 3,1 3,1 3,1 3,1 . 3,1 2,4 2,4 0,9
6,4 6,4 6,4 6,4 6,4 6,4 6,4 . 6,4 5,5 5,5 4,5 2,7
6,4 6,4 6,4 6,4 6,4 6,4 6,4 . 6,4 5,5 5,5 4,5 2,7 0
6,4 6,4 6,4 6,4 6,4 6,4 6,4 . 6,4 5,5 5,5 4,5 2,7 0 0
6,4 6,4 6,4 6,4 6,4 6,4 6,4 . 6,4 5,5 5,5 4,5 2,7 0 0 0
6,4 6,4 6,4 6,4 6,4 6,4 6,4 . 6,4 5,5 5,5 4,5 2,7 0 0 0 0
6,4 6,4 6,4 6,4 6,4 6,4 6,4 . 6,4 5,5 5,5 4,5 2,7 0 0 0 0 0
6,4 6,4 6,4 6,4 6,4 6,4 6,4 . 6,4 5,5 5,5 4,5 2,7 0 0 0 0 0 0
6,4 6,4 6,4 6,4 6,4 6,4 6,4 . 6,4 5,5 5,5 4,5 2,7 0 0 0 0 0 0 0
6,4 6,4 6,4 6,4 6,4 6,4 6,4 . 6,4 5,5 5,5 4,5 2,7 . . . . . . . .
10,4 10,4 10,4 10,4 10,4 10,4 10,4 . 10,4 9,4 9,4 7 6,2 3,5 3,5 3,5 3,5 3,5 3,5 3,5 3,5 3,5
13,7 13,7 13,7 13,7 13,7 13,7 13,7 . 13,7 12,7 12,7 10,9 9 6,9 6,9 6,9 6,9 6,9 6,9 6,9 6,9 6,9 2,8
17,8 17,8 17,8 17,8 17,8 17,8 17,8 . 17,8 16,8 16,8 15,4 14,2 11,8 11,8 11,8 11,8 11,8 11,8 11,8 11,8 11,8 7,1 3,6
20,7 20,7 20,7 20,7 20,7 20,7 20,7 . 20,7 19,7 19,7 18,2 16,7 14 14 14 14 14 14 14 14 14 8,6 4,9 0,8
20,8 20,8 20,8 20,8 20,8 20,8 20,8 . 20,8 19,8 19,8 18,4 16,9 14,2 14,2 14,2 14,2 14,2 14,2 14,2 14,2 14,2 10,7 7,5 4,1 3,9
26,6 26,6 26,6 26,6 26,6 26,6 26,6 . 26,6 25,6 25,6 23,8 21,3 20,8 20,8 20,8 20,8 20,8 20,8 20,8 20,8 20,8 16,4 12,4 8,2 8,1 3,6
28,9 28,9 28,9 28,9 28,9 28,9 28,9 . 28,9 27,9 27,9 24,2 23,5 22,3 22,3 22,3 22,3 22,3 22,3 22,3 22,3 22,3 18,6 15,6 10,5 10,4 5,9 2,6
31 31 31 31 31 31 31 . 31 30 30 28,4 26,9 24,6 24,6 24,6 24,6 24,6 24,6 24,6 24,6 24,6 21,9 18,2 13,2 13 8,4 5,1 2,8
33,1 33,1 33,1 33,1 33,1 33,1 33,1 . 33,1 32,1 32,1 30,8 29,1 26,1 26,1 26,1 26,1 26,1 26,1 26,1 26,1 26,1 23 20,2 14,5 14,2 9,7 7,2 4,6 1,9
36 36 36 36 36 36 36 . 36 35 35 34,4 32,9 30,1 30,1 30,1 30,1 30,1 30,1 30,1 30,1 30,1 26,7 22,3 18,4 18,2 12,9 9,7 7,2 3,6 2,2
36 36 36 36 36 36 36 . 36 35 35 34,4 32,9 30,1 30,1 30,1 30,1 30,1 30,1 30,1 30,1 30,1 26,7 22,3 18,4 18,2 12,9 9,7 7,2 3,6 2,2 .
33,5 33,5 33,5 33,5 33,5 33,5 33,5 . 33,5 32,5 32,5 31,3 29 27,6 27,6 27,6 27,6 27,6 27,6 27,6 27,6 27,6 24,3 21,2 16,4 16,3 11,6 8,5 5,9 4,5 6,6 8,7 8,7
39,8 39,8 39,8 39,8 39,8 39,8 39,8 . 39,8 38,8 38,8 37,6 35,3 33,9 33,9 33,9 33,9 33,9 33,9 33,9 33,9 33,9 30,6 27,5 22,7 22,6 17,9 14,8 12,2 10,8 12,9 15 15 5
49,6 49,6 49,6 49,6 49,6 49,6 49,6 . 49,6 48,6 48,6 47,4 45,1 43,7 43,7 43,7 43,7 43,7 43,7 43,7 43,7 43,7 40,4 37,3 32,5 32,4 27,7 24,6 22 20,6 22,7 24,8 24,8 12,9 7,9
53,3 53,3 53,3 53,3 53,3 53,3 53,3 . 53,3 52,3 52,3 51,1 48,8 47,4 47,4 47,4 47,4 47,4 47,4 47,4 47,4 47,4 44,1 41 36,2 36,1 31,4 28,3 25,7 24,3 26,4 28,5 28,5 17,1 10,9 3
62,6 62,6 62,6 62,6 62,6 62,6 62,6 . 62,6 61,6 61,6 60,4 58,1 56,7 56,7 56,7 56,7 56,7 56,7 56,7 56,7 56,7 53,4 50,3 45,5 45,4 40,7 37,6 35 33,6 35,7 37,8 37,8 23,3 18,3 10,4 7,4
62,6 62,6 62,6 62,6 62,6 62,6 62,6 . 62,6 61,6 61,6 60,4 58,1 56,7 56,7 56,7 56,7 56,7 56,7 56,7 56,7 56,7 53,4 50,3 45,5 45,4 40,7 37,6 35 33,6 35,7 37,8 37,8 24,9 19,9 12 9,1 0
62,7 62,7 62,7 62,7 62,7 62,7 62,7 . 62,7 61,7 61,7 60,5 58,2 56,8 56,8 56,8 56,8 56,8 56,8 56,8 56,8 56,8 53,5 50,4 45,6 45,5 40,8 37,7 35,1 33,7 35,8 37,9 37,9 27,7 22,7 14,9 11,9 4,5 .
72,6 72,6 72,6 72,6 72,6 72,6 72,6 . 72,6 71,6 71,6 70,4 68,1 66,7 66,7 66,7 66,7 66,7 66,7 66,7 66,7 66,7 63,4 60,3 55,5 55,4 50,7 47,6 45 43,6 45,7 47,8 47,8 31,2 26,2 18,4 15,4 10 . 3,6
92,9 92,9 92,9 92,9 92,9 92,9 92,9 . 92,9 91,9 91,9 90,7 88,4 87 87 87 87 87 87 87 87 87 83,7 80,6 75,8 75,7 71 67,9 65,3 63,9 66 68,1 68,1 50,2 45,2 43,3 39,5 30,2 . 24,7 20,2
92,9 92,9 92,9 92,9 92,9 92,9 92,9 . 92,9 91,9 91,9 90,7 88,4 87 87 87 87 87 87 87 87 87 83,7 80,6 75,8 75,7 71 67,9 65,3 63,9 66 68,1 68,1 50,2 45,2 43,3 39,5 30,2 . 24,7 20,2 0
92,9 92,9 92,9 92,9 92,9 92,9 92,9 . 92,9 91,9 91,9 90,7 88,4 87 87 87 87 87 87 87 87 87 83,7 80,6 75,8 75,7 71 67,9 65,3 63,9 66 68,1 68,1 50,2 45,2 43,3 39,5 30,2 . 24,7 20,2 0 0
92,9 92,9 92,9 92,9 92,9 92,9 92,9 . 92,9 91,9 91,9 90,7 88,4 87 87 87 87 87 87 87 87 87 83,7 80,6 75,8 75,7 71 67,9 65,3 63,9 66 68,1 68,1 50,2 45,2 43,3 39,5 30,2 . 24,7 20,2 0 0 0
92,9 92,9 92,9 92,9 92,9 92,9 92,9 . 92,9 91,9 91,9 90,7 88,4 87 87 87 87 87 87 87 87 87 83,7 80,6 75,8 75,7 71 67,9 65,3 63,9 66 68,1 68,1 50,2 45,2 43,3 39,5 30,2 . 24,7 20,2 0 0 0 0
. . . . . . . . . . . . . . . . . . . . . . . . . . . . . . . . . . . . . . . . . 1,3 1,3 1,3 1,3 1,3
92,9 92,9 92,9 92,9 92,9 92,9 92,9 . 92,9 91,9 91,9 90,7 88,4 87 87 87 87 87 87 87 87 87 83,7 80,6 75,8 75,7 71 67,9 65,3 63,9 66 68,1 68,1 50,2 45,2 43,3 39,5 30,2 . 24,7 20,2 . . . . . .
89 89 89 89 89 89 89 . 89 88 88 86,8 84,5 83,1 83,1 83,1 83,1 83,1 83,1 83,1 83,1 83,1 79,8 76,7 71,9 71,8 67,1 64 61,4 60 62,1 64,2 64,2 46,3 41,3 39,4 35,6 26,3 . 20,8 16,3 3,9 3,9 3,9 3,9 3,9 . 3,9
85,3 85,3 85,3 85,3 85,3 85,3 85,3 . 85,3 84,3 84,3 83,1 80,8 79,4 79,4 79,4 79,4 79,4 79,4 79,4 79,4 79,4 76,1 73 68,2 68,1 63,4 60,3 57,7 56,3 58,4 60,5 60,5 42,6 37,6 35,7 31,9 22,6 . 17,1 12,6 6,3 6,3 6,3 6,3 6,3 . 6,3 2,5
83,7 83,7 83,7 83,7 83,7 83,7 83,7 . 83,7 82,7 82,7 81,5 79,2 77,8 77,8 77,8 77,8 77,8 77,8 77,8 77,8 77,8 74,5 71,4 66,6 66,5 61,8 58,7 56,1 54,7 56,8 58,9 58,9 41 36 34,1 30,3 21 . 15,5 11 8,7 8,7 8,7 8,7 8,7 . 8,7 5,6 2,1
81 81 81 81 81 81 81 . 81 80 80 78,8 76,5 75,1 75,1 75,1 75,1 75,1 75,1 75,1 75,1 75,1 71,8 68,7 63,9 63,8 59,1 56 53,4 52 54,1 56,2 56,2 38,3 33,3 31,4 27,6 18,3 . 12,8 8,3 12,2 12,2 12,2 12,2 12,2 . 12,2 8,5 4,6 3
79,8 79,8 79,8 79,8 79,8 79,8 79,8 . 79,8 78,8 78,8 77,6 75,3 73,9 73,9 73,9 73,9 73,9 73,9 73,9 73,9 73,9 70,6 67,5 62,7 62,6 57,9 54,8 52,2 50,8 52,9 55 55 37,1 32,1 30,2 26,4 17,1 . 11,6 7,1 14,7 14,7 14,7 14,7 14,7 . 14,7 10,7 6,8 5,2 1,9
80,9 80,9 80,9 80,9 80,9 80,9 80,9 . 80,9 79,9 79,9 78,7 76,4 75 75 75 75 75 75 75 75 75 71,7 68,6 63,8 63,7 59 55,9 53,3 51,9 54 56,1 56,1 38,2 33,2 31,3 27,5 18,2 . 12,7 8,2 15,4 15,4 15,4 15,4 15,4 . 15,4 11,9 7,2 5,8 3 0,6
82,1 82,1 82,1 82,1 82,1 82,1 82,1 . 82,1 81,1 81,1 79,9 77,6 76,2 76,2 76,2 76,2 76,2 76,2 76,2 76,2 76,2 72,9 69,8 65 64,9 60,2 57,1 54,5 53,1 55,2 57,3 57,3 39,4 34,4 32,5 28,7 19,4 . 13,9 9,4 16,3 16,3 16,3 16,3 16,3 . 16,3 12,6 8,4 6,6 3,9 2,5 1,8
85,7 85,7 85,7 85,7 85,7 85,7 85,7 . 85,7 84,7 84,7 83,5 81,2 79,8 79,8 79,8 79,8 79,8 79,8 79,8 79,8 79,8 76,5 73,4 68,6 68,5 63,8 60,7 58,1 56,7 58,8 60,9 60,9 43 38 36,1 32,3 23 . 17,5 13 22,1 22,1 22,1 22,1 22,1 . 22,1 17,7 13,2 11,9 8 5,9 4,8 3,1
86,1 86,1 86,1 86,1 86,1 86,1 86,1 . 86,1 85,1 85,1 83,9 81,6 80,2 80,2 80,2 80,2 80,2 80,2 80,2 80,2 80,2 76,9 73,8 69 68,9 64,2 61,1 58,5 57,1 59,2 61,3 61,3 43,4 38,4 36,5 32,7 23,4 . 17,9 13,4 22,4 22,4 22,4 22,4 22,4 . 22,4 18 13,6 12,2 8,3 6,6 5,7 4,2 1
87,4 87,4 87,4 87,4 87,4 87,4 87,4 . 87,4 86,4 86,4 85,2 82,9 81,5 81,5 81,5 81,5 81,5 81,5 81,5 81,5 81,5 78,2 75,1 70,3 70,2 65,5 62,4 59,8 58,4 60,5 62,6 62,6 44,7 39,7 37,8 34 24,7 . 19,2 14,7 23 23 23 23 23 . 23 18,3 14,3 12,9 9,3 7,6 6,8 5,1 1,7 0
88,3 88,3 88,3 88,3 88,3 88,3 88,3 . 88,3 87,3 87,3 86,1 83,8 82,4 82,4 82,4 82,4 82,4 82,4 82,4 82,4 82,4 79,1 76 71,2 71,1 66,4 63,3 60,7 59,3 61,4 63,5 63,5 45,6 40,6 38,7 34,9 25,6 . 20,1 15,6 23,4 23,4 23,4 23,4 23,4 . 23,4 19 14,8 13,5 9,9 8,5 7,4 5,7 2,4 0 0
89,3 89,3 89,3 89,3 89,3 89,3 89,3 . 89,3 88,3 88,3 87,1 84,8 83,4 83,4 83,4 83,4 83,4 83,4 83,4 83,4 83,4 80,1 77 72,2 72,1 67,4 64,3 61,7 60,3 62,4 64,5 64,5 46,6 41,6 39,7 35,9 26,6 . 21,1 16,6 24,8 24,8 24,8 24,8 24,8 . 24,8 19,7 16,3 14,9 11,2 9,4 8,3 6,5 3,4 1,9 1,2 0,6
92,6 92,6 92,6 92,6 92,6 92,6 92,6 . 92,6 91,6 91,6 90,4 88,1 86,7 86,7 86,7 86,7 86,7 86,7 86,7 86,7 86,7 83,4 80,3 75,5 75,4 70,7 67,6 65 63,6 65,7 67,8 67,8 49,9 44,9 43 39,2 29,9 . 24,4 19,9 28 28 28 28 28 . 28 23,9 20,1 18,7 15,4 12,6 11,6 9,9 6,3 5,3 4,2 3,6 2,6
93,7 93,7 93,7 93,7 93,7 93,7 93,7 . 93,7 92,7 92,7 91,5 89,2 87,8 87,8 87,8 87,8 87,8 87,8 87,8 87,8 87,8 84,5 81,4 76,6 76,5 71,8 68,7 66,1 64,7 66,8 68,9 68,9 51 46 44,1 40,3 31 . 25,5 21 29,5 29,5 29,5 29,5 29,5 . 29,5 24,9 21,4 20 16 14,2 13 11,3 7,5 6,4 5,5 4,8 4,4 2,2
99,1 99,1 99,1 99,1 99,1 99,1 99,1 . 99,1 98,1 98,1 96,9 94,6 93,2 93,2 93,2 93,2 93,2 93,2 93,2 93,2 93,2 89,9 86,8 82 81,9 77,2 74,1 71,5 70,1 72,2 74,3 74,3 56,4 51,4 49,5 45,7 36,4 . 30,9 26,4 35,7 35,7 35,7 35,7 35,7 . 35,7 31,5 26,6 25,1 21,1 19,3 18,3 16,6 12,6 11,4 10,1 9,6 9 7 3,8
. . . . . . . . . . . . . . . . . . . . . . . . . . . . . . . . . . . . . . . . . . . . . . . . . . . . . . . . . . . . . . .
99,1 99,1 99,1 99,1 99,1 99,1 99,1 . 99,1 98,1 98,1 96,9 94,6 93,2 93,2 93,2 93,2 93,2 93,2 93,2 93,2 93,2 89,9 86,8 82 81,9 77,2 74,1 71,5 70,1 72,2 74,3 74,3 56,4 51,4 49,5 45,7 36,4 . 30,9 26,4 35,7 35,7 35,7 35,7 35,7 . 35,7 31,5 26,6 25,1 21,1 19,3 18,3 16,6 12,6 11,4 10,1 9,6 9 7 3,8 . 2,4
99,1 99,1 99,1 99,1 99,1 99,1 99,1 . 99,1 98,1 98,1 96,9 94,6 93,2 93,2 93,2 93,2 93,2 93,2 93,2 93,2 93,2 89,9 86,8 82 81,9 77,2 74,1 71,5 70,1 72,2 74,3 74,3 56,4 51,4 49,5 45,7 36,4 . 30,9 26,4 35,7 35,7 35,7 35,7 35,7 . 35,7 31,5 26,6 25,1 21,1 19,3 18,3 16,6 12,6 11,4 10,1 9,6 9 7 3,8 . 2,4 0
99,1 99,1 99,1 99,1 99,1 99,1 99,1 . 99,1 98,1 98,1 96,9 94,6 93,2 93,2 93,2 93,2 93,2 93,2 93,2 93,2 93,2 89,9 86,8 82 81,9 77,2 74,1 71,5 70,1 72,2 74,3 74,3 56,4 51,4 49,5 45,7 36,4 . 30,9 26,4 35,7 35,7 35,7 35,7 35,7 . 35,7 31,5 26,6 25,1 21,1 19,3 18,3 16,6 12,6 11,4 10,1 9,6 9 7 3,8 . 2,4 0 0
