0
0 0
0 0 0
0 0 0 0
0 0 0 0 0
0 0 0 0 0 0
0 0 0 0 0 0 .
. . . . . . . .
0 0 0 0 0 0 . . .
. . . . . . . . . .
4,1 4,1 4,1 4,1 4,1 4,1 4,1 . 4,1 3 3
6 6 6 6 6 6 6 . 6 4,5 4,5 1,9
12,3 12,3 12,3 12,3 12,3 12,3 12,3 . 12,3 10,2 10,2 8 5,5
12,3 12,3 12,3 12,3 12,3 12,3 12,3 . 12,3 10,2 10,2 8 5,5 0
12,3 12,3 12,3 12,3 12,3 12,3 12,3 . 12,3 10,2 10,2 8 5,5 0 0
12,3 12,3 12,3 12,3 12,3 12,3 12,3 . 12,3 10,2 10,2 8 5,5 0 0 0
12,3 12,3 12,3 12,3 12,3 12,3 12,3 . 12,3 10,2 10,2 8 5,5 0 0 0 0
12,3 12,3 12,3 12,3 12,3 12,3 12,3 . 12,3 10,2 10,2 8 5,5 0 0 0 0 0
12,3 12,3 12,3 12,3 12,3 12,3 12,3 . 12,3 10,2 10,2 8 5,5 0 0 0 0 0 0
12,3 12,3 12,3 12,3 12,3 12,3 12,3 . 12,3 10,2 10,2 8 5,5 0 0 0 0 0 0 0
12,3 12,3 12,3 12,3 12,3 12,3 12,3 . 12,3 10,2 10,2 8 5,5 . . . . . . . .
20,3 20,3 20,3 20,3 20,3 20,3 20,3 . 20,3 18,2 18,2 13,6 12,2 6,3 6,3 6,3 6,3 6,3 6,3 6,3 6,3 6,3
26 26 26 26 26 26 26 . 26 23,9 23,9 19,6 18,2 13,1 13,1 13,1 13,1 13,1 13,1 13,1 13,1 13,1 5,5
34,5 34,5 34,5 34,5 34,5 34,5 34,5 . 34,5 32,4 32,4 29,5 28,5 22 22 22 22 22 22 22 22 22 14 6,5
40,4 40,4 40,4 40,4 40,4 40,4 40,4 . 40,4 38,3 38,3 34,4 33,1 26,5 26,5 26,5 26,5 26,5 26,5 26,5 26,5 26,5 17,5 9 1,4
40,8 40,8 40,8 40,8 40,8 40,8 40,8 . 40,8 38,7 38,7 35 33,6 27,5 27,5 27,5 27,5 27,5 27,5 27,5 27,5 27,5 19,4 14,3 7,3 7,2
49,5 49,5 49,5 49,5 49,5 49,5 49,5 . 49,5 47,4 47,4 42 41,3 36,6 36,6 36,6 36,6 36,6 36,6 36,6 36,6 36,6 31,1 23,5 14,6 14,4 6,4
54,3 54,3 54,3 54,3 54,3 54,3 54,3 . 54,3 52,2 52,2 46,1 45,1 40,5 40,5 40,5 40,5 40,5 40,5 40,5 40,5 40,5 35 28,2 20 19,8 11,9 4,5
60 60 60 60 60 60 60 . 60 57,9 57,9 53,8 51,6 46,2 46,2 46,2 46,2 46,2 46,2 46,2 46,2 46,2 38,6 34 24,7 24,5 16,3 8,9 4,9
63,2 63,2 63,2 63,2 63,2 63,2 63,2 . 63,2 61,1 61,1 59,5 54,5 48,2 48,2 48,2 48,2 48,2 48,2 48,2 48,2 48,2 41,9 38,3 27 26,8 18,5 13,4 8,5 3,3
67 67 67 67 67 67 67 . 67 64,9 64,9 64,6 60,6 57 57 57 57 57 57 57 57 57 47,9 41,5 34,3 34,1 24,6 18,3 12,7 6,5 3,9
67 67 67 67 67 67 67 . 67 64,9 64,9 64,6 60,6 57 57 57 57 57 57 57 57 57 47,9 41,5 34,3 34,1 24,6 18,3 12,7 6,5 3,9 .
65,3 65,3 65,3 65,3 65,3 65,3 65,3 . 65,3 63,2 63,2 60,3 58 52,6 52,6 52,6 52,6 52,6 52,6 52,6 52,6 52,6 45,1 40,5 31 30,8 22,7 15,8 10,7 8,8 12,4 17 17
77,9 77,9 77,9 77,9 77,9 77,9 77,9 . 77,9 75,8 75,8 72,9 70,6 65,2 65,2 65,2 65,2 65,2 65,2 65,2 65,2 65,2 57,7 53,1 43,6 43,4 35,3 28,4 23,3 21,4 25 29,6 29,6 10,1
97,5 97,5 97,5 97,5 97,5 97,5 97,5 . 97,5 95,4 95,4 92,5 90,2 84,8 84,8 84,8 84,8 84,8 84,8 84,8 84,8 84,8 77,3 72,7 63,2 63 54,9 48 42,9 41 44,6 49,2 49,2 28,3 15,7
105 105 105 105 105 105 105 . 105 102,9 102,9 100 97,7 92,3 92,3 92,3 92,3 92,3 92,3 92,3 92,3 92,3 84,8 80,2 70,7 70,5 62,4 55,5 50,4 48,5 52,1 56,7 56,7 34,8 23,8 6
123,5 123,5 123,5 123,5 123,5 123,5 123,5 . 123,5 121,4 121,4 118,5 116,2 110,8 110,8 110,8 110,8 110,8 110,8 110,8 110,8 110,8 103,3 98,7 89,2 89 80,9 74 68,9 67 70,6 75,2 75,2 46,6 36,5 20,8 16,3
123,5 123,5 123,5 123,5 123,5 123,5 123,5 . 123,5 121,4 121,4 118,5 116,2 110,8 110,8 110,8 110,8 110,8 110,8 110,8 110,8 110,8 103,3 98,7 89,2 89 80,9 74 68,9 67 70,6 75,2 75,2 49,8 39,8 24,1 18,1 0
123,6 123,6 123,6 123,6 123,6 123,6 123,6 . 123,6 121,5 121,5 118,6 116,3 110,9 110,9 110,9 110,9 110,9 110,9 110,9 110,9 110,9 103,4 98,8 89,3 89,1 81 74,1 69 67,1 70,7 75,3 75,3 55,5 45,4 29,8 23,8 9,7 .
133,3 133,3 133,3 133,3 133,3 133,3 133,3 . 133,3 131,2 131,2 128,3 126 120,6 120,6 120,6 120,6 120,6 120,6 120,6 120,6 120,6 113,1 108,5 99 98,8 90,7 83,8 78,7 76,8 80,4 85 85 62,6 52,6 36,9 33,9 19,3 . 7,2
182,5 182,5 182,5 182,5 182,5 182,5 182,5 . 182,5 180,4 180,4 177,5 175,2 169,8 169,8 169,8 169,8 169,8 169,8 169,8 169,8 169,8 162,3 157,7 148,2 148 139,9 133 127,9 126 129,6 134,2 134,2 105,5 95,1 77,9 71,3 58,9 . 47,8 38,9
182,5 182,5 182,5 182,5 182,5 182,5 182,5 . 182,5 180,4 180,4 177,5 175,2 169,8 169,8 169,8 169,8 169,8 169,8 169,8 169,8 169,8 162,3 157,7 148,2 148 139,9 133 127,9 126 129,6 134,2 134,2 105,5 95,1 77,9 71,3 58,9 . 47,8 38,9 0
182,5 182,5 182,5 182,5 182,5 182,5 182,5 . 182,5 180,4 180,4 177,5 175,2 169,8 169,8 169,8 169,8 169,8 169,8 169,8 169,8 169,8 162,3 157,7 148,2 148 139,9 133 127,9 126 129,6 134,2 134,2 105,5 95,1 77,9 71,3 58,9 . 47,8 38,9 0 0
182,5 182,5 182,5 182,5 182,5 182,5 182,5 . 182,5 180,4 180,4 177,5 175,2 169,8 169,8 169,8 169,8 169,8 169,8 169,8 169,8 169,8 162,3 157,7 148,2 148 139,9 133 127,9 126 129,6 134,2 134,2 105,5 95,1 77,9 71,3 58,9 . 47,8 38,9 0 0 0
182,5 182,5 182,5 182,5 182,5 182,5 182,5 . 182,5 180,4 180,4 177,5 175,2 169,8 169,8 169,8 169,8 169,8 169,8 169,8 169,8 169,8 162,3 157,7 148,2 148 139,9 133 127,9 126 129,6 134,2 134,2 105,5 95,1 77,9 71,3 58,9 . 47,8 38,9 0 0 0 0
. . . . . . . . . . . . . . . . . . . . . . . . . . . . . . . . . . . . . . . . . 1,3 1,3 1,3 1,3 1,3
182,5 182,5 182,5 182,5 182,5 182,5 182,5 . 182,5 180,4 180,4 177,5 175,2 169,8 169,8 169,8 169,8 169,8 169,8 169,8 169,8 169,8 162,3 157,7 148,2 148 139,9 133 127,9 126 129,6 134,2 134,2 105,5 95,1 77,9 71,3 58,9 . 47,8 38,9 . . . . . .
174,8 174,8 174,8 174,8 174,8 174,8 174,8 . 174,8 172,7 172,7 169,8 167,5 162,1 162,1 162,1 162,1 162,1 162,1 162,1 162,1 162,1 154,6 150 140,5 140,3 132,2 125,3 120,2 118,3 121,9 126,5 126,5 97,8 87,4 70,2 63,6 51,2 . 40,1 31,2 7,7 7,7 7,7 7,7 7,7 . 7,7
167,6 167,6 167,6 167,6 167,6 167,6 167,6 . 167,6 165,5 165,5 162,6 160,3 154,9 154,9 154,9 154,9 154,9 154,9 154,9 154,9 154,9 147,4 142,8 133,3 133,1 125 118,1 113 111,1 114,7 119,3 119,3 90,6 80,2 63 56,4 44 . 32,9 24 11,8 11,8 11,8 11,8 11,8 . 11,8 4,8
164,9 164,9 164,9 164,9 164,9 164,9 164,9 . 164,9 162,8 162,8 159,9 157,6 152,2 152,2 152,2 152,2 152,2 152,2 152,2 152,2 152,2 144,7 140,1 130,6 130,4 122,3 115,4 110,3 108,4 112 116,6 116,6 87,9 77,5 60,3 53,7 41,3 . 30,2 21,3 16,2 16,2 16,2 16,2 16,2 . 16,2 9,3 4
159,6 159,6 159,6 159,6 159,6 159,6 159,6 . 159,6 157,5 157,5 154,6 152,3 146,9 146,9 146,9 146,9 146,9 146,9 146,9 146,9 146,9 139,4 134,8 125,3 125,1 117 110,1 105 103,1 106,7 111,3 111,3 82,6 72,2 55 48,4 36 . 24,9 16 22,1 22,1 22,1 22,1 22,1 . 22,1 15,1 8,2 5
157,9 157,9 157,9 157,9 157,9 157,9 157,9 . 157,9 155,8 155,8 152,9 150,6 145,2 145,2 145,2 145,2 145,2 145,2 145,2 145,2 145,2 137,7 133,1 123,6 123,4 115,3 108,4 103,3 101,4 105 109,6 109,6 80,9 70,5 53,3 46,7 34,3 . 23,2 14,3 27 27 27 27 27 . 27 19,8 12 9,5 3,8
159,7 159,7 159,7 159,7 159,7 159,7 159,7 . 159,7 157,6 157,6 154,7 152,4 147 147 147 147 147 147 147 147 147 139,5 134,9 125,4 125,2 117,1 110,2 105,1 103,2 106,8 111,4 111,4 82,7 72,3 55,1 48,5 36,1 . 25 16,1 29,7 29,7 29,7 29,7 29,7 . 29,7 22,7 13,7 11,3 5,1 1,4
162,3 162,3 162,3 162,3 162,3 162,3 162,3 . 162,3 160,2 160,2 157,3 155 149,6 149,6 149,6 149,6 149,6 149,6 149,6 149,6 149,6 142,1 137,5 128 127,8 119,7 112,8 107,7 105,8 109,4 114 114 85,3 74,9 57,7 51,1 38,7 . 27,6 18,7 31,2 31,2 31,2 31,2 31,2 . 31,2 24,5 16,7 13,4 7,5 4,4 3,4
169,3 169,3 169,3 169,3 169,3 169,3 169,3 . 169,3 167,2 167,2 164,3 162 156,6 156,6 156,6 156,6 156,6 156,6 156,6 156,6 156,6 149,1 144,5 135 134,8 126,7 119,8 114,7 112,8 116,4 121 121 92,3 81,9 64,7 58,1 45,7 . 34,6 25,7 39,9 39,9 39,9 39,9 39,9 . 39,9 33,1 25,6 23,1 16,3 11,2 9,1 5,8
170,5 170,5 170,5 170,5 170,5 170,5 170,5 . 170,5 168,4 168,4 165,5 163,2 157,8 157,8 157,8 157,8 157,8 157,8 157,8 157,8 157,8 150,3 145,7 136,2 136 127,9 121 115,9 114 117,6 122,2 122,2 93,5 83,1 65,9 59,3 46,9 . 35,8 26,9 40,4 40,4 40,4 40,4 40,4 . 40,4 33,6 27 24,3 17,1 12,4 11,1 8,2 2,1
172,1 172,1 172,1 172,1 172,1 172,1 172,1 . 172,1 170 170 167,1 164,8 159,4 159,4 159,4 159,4 159,4 159,4 159,4 159,4 159,4 151,9 147,3 137,8 137,6 129,5 122,6 117,5 115,6 119,2 123,8 123,8 95,1 84,7 67,5 60,9 48,5 . 37,4 28,5 42,4 42,4 42,4 42,4 42,4 . 42,4 35,6 27,9 25,3 18,9 14,2 12,7 9,6 3,3 0
174,1 174,1 174,1 174,1 174,1 174,1 174,1 . 174,1 172 172 169,1 166,8 161,4 161,4 161,4 161,4 161,4 161,4 161,4 161,4 161,4 153,9 149,3 139,8 139,6 131,5 124,6 119,5 117,6 121,2 125,8 125,8 97,1 86,7 69,5 62,9 50,5 . 39,4 30,5 43,4 43,4 43,4 43,4 43,4 . 43,4 36 28,3 25,5 20,2 15,5 13,9 10,4 4,8 0 0
176,6 176,6 176,6 176,6 176,6 176,6 176,6 . 176,6 174,5 174,5 171,6 169,3 163,9 163,9 163,9 163,9 163,9 163,9 163,9 163,9 163,9 156,4 151,8 142,3 142,1 134 127,1 122 120,1 123,7 128,3 128,3 99,6 89,2 72 65,4 53 . 41,9 33 47,9 47,9 47,9 47,9 47,9 . 47,9 36,7 33,2 30,6 22,7 17,8 15,8 12,5 6,2 3,7 2,5 1,2
181,9 181,9 181,9 181,9 181,9 181,9 181,9 . 181,9 179,8 179,8 176,9 174,6 169,2 169,2 169,2 169,2 169,2 169,2 169,2 169,2 169,2 161,7 157,1 147,6 147,4 139,3 132,4 127,3 125,4 129 133,6 133,6 104,9 94,5 77,3 70,7 58,3 . 47,2 38,3 50,7 50,7 50,7 50,7 50,7 . 50,7 45 38,6 35,8 28 24 22,9 19,6 11,9 10,1 8,4 7,1 5,5
184,7 184,7 184,7 184,7 184,7 184,7 184,7 . 184,7 182,6 182,6 179,7 177,4 172 172 172 172 172 172 172 172 172 164,5 159,9 150,4 150,2 142,1 135,2 130,1 128,2 131,8 136,4 136,4 107,7 97,3 80,1 73,5 61,1 . 50 41,1 56,4 56,4 56,4 56,4 56,4 . 56,4 48,5 41,8 39,2 32 25,8 24,7 21,5 14,8 13 11 9,8 8,1 4
194,1 194,1 194,1 194,1 194,1 194,1 194,1 . 194,1 192 192 189,1 186,8 181,4 181,4 181,4 181,4 181,4 181,4 181,4 181,4 181,4 173,9 169,3 159,8 159,6 151,5 144,6 139,5 137,6 141,2 145,8 145,8 117,1 106,7 89,5 82,9 70,5 . 59,4 50,5 66,9 66,9 66,9 66,9 66,9 . 66,9 57,8 51,8 49,3 42,4 35,3 35,2 31,8 25,5 22,4 20,1 19,6 18 13,5 6,7
. . . . . . . . . . . . . . . . . . . . . . . . . . . . . . . . . . . . . . . . . . . . . . . . . . . . . . . . . . . . . . .
194,1 194,1 194,1 194,1 194,1 194,1 194,1 . 194,1 192 192 189,1 186,8 181,4 181,4 181,4 181,4 181,4 181,4 181,4 181,4 181,4 173,9 169,3 159,8 159,6 151,5 144,6 139,5 137,6 141,2 145,8 145,8 117,1 106,7 89,5 82,9 70,5 . 59,4 50,5 66,9 66,9 66,9 66,9 66,9 . 66,9 57,8 51,8 49,3 42,4 35,3 35,2 31,8 25,5 22,4 20,1 19,6 18 13,5 6,7 . 4,3
194,1 194,1 194,1 194,1 194,1 194,1 194,1 . 194,1 192 192 189,1 186,8 181,4 181,4 181,4 181,4 181,4 181,4 181,4 181,4 181,4 173,9 169,3 159,8 159,6 151,5 144,6 139,5 137,6 141,2 145,8 145,8 117,1 106,7 89,5 82,9 70,5 . 59,4 50,5 66,9 66,9 66,9 66,9 66,9 . 66,9 57,8 51,8 49,3 42,4 35,3 35,2 31,8 25,5 22,4 20,1 19,6 18 13,5 6,7 . 4,3 0
194,1 194,1 194,1 194,1 194,1 194,1 194,1 . 194,1 192 192 189,1 186,8 181,4 181,4 181,4 181,4 181,4 181,4 181,4 181,4 181,4 173,9 169,3 159,8 159,6 151,5 144,6 139,5 137,6 141,2 145,8 145,8 117,1 106,7 89,5 82,9 70,5 . 59,4 50,5 66,9 66,9 66,9 66,9 66,9 . 66,9 57,8 51,8 49,3 42,4 35,3 35,2 31,8 25,5 22,4 20,1 19,6 18 13,5 6,7 . 4,3 0 0
