0
0 0
0 0 0
0 0 0 0
0 0 0 0 0
0 0 0 0 0 0
0 0 0 0 0 0 .
. . . . . . . .
0 0 0 0 0 0 . . .
. . . . . . . . . .
0,6 0,6 0,6 0,6 0,6 0,6 0,6 . 0,6 0,4 0,4
1 1 1 1 1 1 1 . 1 0,7 0,7 0,4
2,6 2,6 2,6 2,6 2,6 2,6 2,6 . 2,6 2,2 2,2 1,4 1,1
2,6 2,6 2,6 2,6 2,6 2,6 2,6 . 2,6 2,2 2,2 1,4 1,1 0
2,6 2,6 2,6 2,6 2,6 2,6 2,6 . 2,6 2,2 2,2 1,4 1,1 0 0
2,6 2,6 2,6 2,6 2,6 2,6 2,6 . 2,6 2,2 2,2 1,4 1,1 0 0 0
2,6 2,6 2,6 2,6 2,6 2,6 2,6 . 2,6 2,2 2,2 1,4 1,1 0 0 0 0
2,6 2,6 2,6 2,6 2,6 2,6 2,6 . 2,6 2,2 2,2 1,4 1,1 0 0 0 0 0
2,6 2,6 2,6 2,6 2,6 2,6 2,6 . 2,6 2,2 2,2 1,4 1,1 0 0 0 0 0 0
2,6 2,6 2,6 2,6 2,6 2,6 2,6 . 2,6 2,2 2,2 1,4 1,1 0 0 0 0 0 0 0
2,6 2,6 2,6 2,6 2,6 2,6 2,6 . 2,6 2,2 2,2 1,4 1,1 . . . . . . . .
4 4 4 4 4 4 4 . 4 3,6 3,6 2,6 2,2 1,3 1,3 1,3 1,3 1,3 1,3 1,3 1,3 1,3
5,4 5,4 5,4 5,4 5,4 5,4 5,4 . 5,4 5 5 4,2 3,9 2,7 2,7 2,7 2,7 2,7 2,7 2,7 2,7 2,7 1
6,8 6,8 6,8 6,8 6,8 6,8 6,8 . 6,8 6,4 6,4 5,6 5,2 4,2 4,2 4,2 4,2 4,2 4,2 4,2 4,2 4,2 3 1,2
7,7 7,7 7,7 7,7 7,7 7,7 7,7 . 7,7 7,3 7,3 6,5 6,1 5 5 5 5 5 5 5 5 5 3,6 1,6 0,3
8 8 8 8 8 8 8 . 8 7,6 7,6 6,8 6,4 5,5 5,5 5,5 5,5 5,5 5,5 5,5 5,5 5,5 4,1 2,9 1,6 1,5
10,3 10,3 10,3 10,3 10,3 10,3 10,3 . 10,3 9,9 9,9 8,8 8,6 7,9 7,9 7,9 7,9 7,9 7,9 7,9 7,9 7,9 6,2 4,9 3 2,9 1,2
11,1 11,1 11,1 11,1 11,1 11,1 11,1 . 11,1 10,7 10,7 9,6 9,3 8,9 8,9 8,9 8,9 8,9 8,9 8,9 8,9 8,9 7,2 6,1 4,2 4,1 2,5 0,9
11,9 11,9 11,9 11,9 11,9 11,9 11,9 . 11,9 11,5 11,5 11 10,3 9,5 9,5 9,5 9,5 9,5 9,5 9,5 9,5 9,5 8,1 7,3 5,3 5,2 3,5 1,9 1
13 13 13 13 13 13 13 . 13 12,6 12,6 11,6 11,3 10,1 10,1 10,1 10,1 10,1 10,1 10,1 10,1 10,1 8,7 7,9 5,8 5,7 3,8 2,8 1,7 0,6
14,1 14,1 14,1 14,1 14,1 14,1 14,1 . 14,1 13,7 13,7 12,8 12,4 11,5 11,5 11,5 11,5 11,5 11,5 11,5 11,5 11,5 10,2 8,8 6,9 6,8 4,8 3,8 2,8 1,4 0,7
14,1 14,1 14,1 14,1 14,1 14,1 14,1 . 14,1 13,7 13,7 12,8 12,4 11,5 11,5 11,5 11,5 11,5 11,5 11,5 11,5 11,5 10,2 8,8 6,9 6,8 4,8 3,8 2,8 1,4 0,7 .
12,9 12,9 12,9 12,9 12,9 12,9 12,9 . 12,9 12,5 12,5 11,9 11,4 10,5 10,5 10,5 10,5 10,5 10,5 10,5 10,5 10,5 9,1 8,3 6,1 6 4,3 3 2 1,6 2,4 3,4 3,4
15,1 15,1 15,1 15,1 15,1 15,1 15,1 . 15,1 14,7 14,7 14,1 13,6 12,7 12,7 12,7 12,7 12,7 12,7 12,7 12,7 12,7 11,3 10,5 8,3 8,2 6,5 5,2 4,2 3,8 4,6 5,6 5,6 1,8
18,5 18,5 18,5 18,5 18,5 18,5 18,5 . 18,5 18,1 18,1 17,5 17 16,1 16,1 16,1 16,1 16,1 16,1 16,1 16,1 16,1 14,7 13,9 11,7 11,6 9,9 8,6 7,6 7,2 8 9 9 4,5 2,7
19,8 19,8 19,8 19,8 19,8 19,8 19,8 . 19,8 19,4 19,4 18,8 18,3 17,4 17,4 17,4 17,4 17,4 17,4 17,4 17,4 17,4 16 15,2 13 12,9 11,2 9,9 8,9 8,5 9,3 10,3 10,3 5,6 3,8 1
23 23 23 23 23 23 23 . 23 22,6 22,6 22 21,5 20,6 20,6 20,6 20,6 20,6 20,6 20,6 20,6 20,6 19,2 18,4 16,2 16,1 14,4 13,1 12,1 11,7 12,5 13,5 13,5 8,2 6,5 3,7 2,6
23 23 23 23 23 23 23 . 23 22,6 22,6 22 21,5 20,6 20,6 20,6 20,6 20,6 20,6 20,6 20,6 20,6 19,2 18,4 16,2 16,1 14,4 13,1 12,1 11,7 12,5 13,5 13,5 8,8 7 4,3 3,2 0
23,1 23,1 23,1 23,1 23,1 23,1 23,1 . 23,1 22,7 22,7 22,1 21,6 20,7 20,7 20,7 20,7 20,7 20,7 20,7 20,7 20,7 19,3 18,5 16,3 16,2 14,5 13,2 12,2 11,8 12,6 13,6 13,6 9,8 8 5,3 4,2 1,6 .
26,5 26,5 26,5 26,5 26,5 26,5 26,5 . 26,5 26,1 26,1 25,5 25 24,1 24,1 24,1 24,1 24,1 24,1 24,1 24,1 24,1 22,7 21,9 19,7 19,6 17,9 16,6 15,6 15,2 16 17 17 11,1 9,3 6,5 5,5 2,9 . 1,3
34,1 34,1 34,1 34,1 34,1 34,1 34,1 . 34,1 33,7 33,7 33,1 32,6 31,7 31,7 31,7 31,7 31,7 31,7 31,7 31,7 31,7 30,3 29,5 27,3 27,2 25,5 24,2 23,2 22,8 23,6 24,6 24,6 18,9 16,5 14,4 14,3 11 . 8,5 7,5
34,1 34,1 34,1 34,1 34,1 34,1 34,1 . 34,1 33,7 33,7 33,1 32,6 31,7 31,7 31,7 31,7 31,7 31,7 31,7 31,7 31,7 30,3 29,5 27,3 27,2 25,5 24,2 23,2 22,8 23,6 24,6 24,6 18,9 16,5 14,4 14,3 11 . 8,5 7,5 0
34,1 34,1 34,1 34,1 34,1 34,1 34,1 . 34,1 33,7 33,7 33,1 32,6 31,7 31,7 31,7 31,7 31,7 31,7 31,7 31,7 31,7 30,3 29,5 27,3 27,2 25,5 24,2 23,2 22,8 23,6 24,6 24,6 18,9 16,5 14,4 14,3 11 . 8,5 7,5 0 0
34,1 34,1 34,1 34,1 34,1 34,1 34,1 . 34,1 33,7 33,7 33,1 32,6 31,7 31,7 31,7 31,7 31,7 31,7 31,7 31,7 31,7 30,3 29,5 27,3 27,2 25,5 24,2 23,2 22,8 23,6 24,6 24,6 18,9 16,5 14,4 14,3 11 . 8,5 7,5 0 0 0
34,1 34,1 34,1 34,1 34,1 34,1 34,1 . 34,1 33,7 33,7 33,1 32,6 31,7 31,7 31,7 31,7 31,7 31,7 31,7 31,7 31,7 30,3 29,5 27,3 27,2 25,5 24,2 23,2 22,8 23,6 24,6 24,6 18,9 16,5 14,4 14,3 11 . 8,5 7,5 0 0 0 0
. . . . . . . . . . . . . . . . . . . . . . . . . . . . . . . . . . . . . . . . . 1,3 1,3 1,3 1,3 1,3
34,1 34,1 34,1 34,1 34,1 34,1 34,1 . 34,1 33,7 33,7 33,1 32,6 31,7 31,7 31,7 31,7 31,7 31,7 31,7 31,7 31,7 30,3 29,5 27,3 27,2 25,5 24,2 23,2 22,8 23,6 24,6 24,6 18,9 16,5 14,4 14,3 11 . 8,5 7,5 . . . . . .
32,9 32,9 32,9 32,9 32,9 32,9 32,9 . 32,9 32,5 32,5 31,9 31,4 30,5 30,5 30,5 30,5 30,5 30,5 30,5 30,5 30,5 29,1 28,3 26,1 26 24,3 23 22 21,6 22,4 23,4 23,4 17,7 15,3 13,2 13,1 9,8 . 7,3 6,3 1,6 1,6 1,6 1,6 1,6 . 1,6
31,1 31,1 31,1 31,1 31,1 31,1 31,1 . 31,1 30,7 30,7 30,1 29,6 28,7 28,7 28,7 28,7 28,7 28,7 28,7 28,7 28,7 27,3 26,5 24,3 24,2 22,5 21,2 20,2 19,8 20,6 21,6 21,6 15,9 13,5 11,4 11,3 8 . 5,5 4,5 2,5 2,5 2,5 2,5 2,5 . 2,5 0,9
30,6 30,6 30,6 30,6 30,6 30,6 30,6 . 30,6 30,2 30,2 29,6 29,1 28,2 28,2 28,2 28,2 28,2 28,2 28,2 28,2 28,2 26,8 26 23,8 23,7 22 20,7 19,7 19,3 20,1 21,1 21,1 15,4 13 10,9 10,8 7,5 . 5 4 3,5 3,5 3,5 3,5 3,5 . 3,5 1,9 0,7
29,3 29,3 29,3 29,3 29,3 29,3 29,3 . 29,3 28,9 28,9 28,3 27,8 26,9 26,9 26,9 26,9 26,9 26,9 26,9 26,9 26,9 25,5 24,7 22,5 22,4 20,7 19,4 18,4 18 18,8 19,8 19,8 14,1 11,7 9,6 9,5 6,2 . 3,7 2,7 4,9 4,9 4,9 4,9 4,9 . 4,9 3,5 1,8 1
29 29 29 29 29 29 29 . 29 28,6 28,6 28 27,5 26,6 26,6 26,6 26,6 26,6 26,6 26,6 26,6 26,6 25,2 24,4 22,2 22,1 20,4 19,1 18,1 17,7 18,5 19,5 19,5 13,8 11,4 9,3 9,2 5,9 . 3,4 2,4 5,6 5,6 5,6 5,6 5,6 . 5,6 4,2 2,5 1,9 0,6
29,5 29,5 29,5 29,5 29,5 29,5 29,5 . 29,5 29,1 29,1 28,5 28 27,1 27,1 27,1 27,1 27,1 27,1 27,1 27,1 27,1 25,7 24,9 22,7 22,6 20,9 19,6 18,6 18,2 19 20 20 14,3 11,9 9,8 9,7 6,4 . 3,9 2,9 5,9 5,9 5,9 5,9 5,9 . 5,9 4,7 2,9 2,2 0,9 0,2
30 30 30 30 30 30 30 . 30 29,6 29,6 29 28,5 27,6 27,6 27,6 27,6 27,6 27,6 27,6 27,6 27,6 26,2 25,4 23,2 23,1 21,4 20,1 19,1 18,7 19,5 20,5 20,5 14,8 12,4 10,3 10,2 6,9 . 4,4 3,4 6,5 6,5 6,5 6,5 6,5 . 6,5 5,2 3,6 2,7 1,5 0,8 0,7
31,5 31,5 31,5 31,5 31,5 31,5 31,5 . 31,5 31,1 31,1 30,5 30 29,1 29,1 29,1 29,1 29,1 29,1 29,1 29,1 29,1 27,7 26,9 24,7 24,6 22,9 21,6 20,6 20,2 21 22 22 16,3 13,9 11,8 11,7 8,4 . 5,9 4,9 8,3 8,3 8,3 8,3 8,3 . 8,3 7 5,1 4,5 3 2,3 1,8 1,1
31,8 31,8 31,8 31,8 31,8 31,8 31,8 . 31,8 31,4 31,4 30,8 30,3 29,4 29,4 29,4 29,4 29,4 29,4 29,4 29,4 29,4 28 27,2 25 24,9 23,2 21,9 20,9 20,5 21,3 22,3 22,3 16,6 14,2 12,1 12 8,7 . 6,2 5,2 8,6 8,6 8,6 8,6 8,6 . 8,6 7,2 5,5 4,9 3,4 2,5 2,2 1,5 0,4
32 32 32 32 32 32 32 . 32 31,6 31,6 31 30,5 29,6 29,6 29,6 29,6 29,6 29,6 29,6 29,6 29,6 28,2 27,4 25,2 25,1 23,4 22,1 21,1 20,7 21,5 22,5 22,5 16,8 14,4 12,3 12,2 8,9 . 6,4 5,4 9,1 9,1 9,1 9,1 9,1 . 9,1 7,6 5,8 5,2 4,1 2,7 2,6 1,9 0,7 0
32,6 32,6 32,6 32,6 32,6 32,6 32,6 . 32,6 32,2 32,2 31,6 31,1 30,2 30,2 30,2 30,2 30,2 30,2 30,2 30,2 30,2 28,8 28 25,8 25,7 24 22,7 21,7 21,3 22,1 23,1 23,1 17,4 15 12,9 12,8 9,5 . 7 6 9,5 9,5 9,5 9,5 9,5 . 9,5 7,7 6,1 5,6 4,2 3,5 3 2,3 0,8 0 0
32,8 32,8 32,8 32,8 32,8 32,8 32,8 . 32,8 32,4 32,4 31,8 31,3 30,4 30,4 30,4 30,4 30,4 30,4 30,4 30,4 30,4 29 28,2 26 25,9 24,2 22,9 21,9 21,5 22,3 23,3 23,3 17,6 15,2 13,1 13 9,7 . 7,2 6,2 9,8 9,8 9,8 9,8 9,8 . 9,8 8,1 6,5 5,9 4,8 3,8 3,2 2,5 1,2 0,7 0,5 0,3
33,9 33,9 33,9 33,9 33,9 33,9 33,9 . 33,9 33,5 33,5 32,9 32,4 31,5 31,5 31,5 31,5 31,5 31,5 31,5 31,5 31,5 30,1 29,3 27,1 27 25,3 24 23 22,6 23,4 24,4 24,4 18,7 16,3 14,2 14,1 10,8 . 8,3 7,3 11 11 11 11 11 . 11 9,1 7,8 7,2 5,8 5 4,6 3,9 2,3 2 1,4 1,2 0,9
34,8 34,8 34,8 34,8 34,8 34,8 34,8 . 34,8 34,4 34,4 33,8 33,3 32,4 32,4 32,4 32,4 32,4 32,4 32,4 32,4 32,4 31 30,2 28 27,9 26,2 24,9 23,9 23,5 24,3 25,3 25,3 19,6 17,2 15,1 15 11,7 . 9,2 8,2 11,7 11,7 11,7 11,7 11,7 . 11,7 9,9 8,4 7,8 6,7 5,7 5,2 4,5 3,1 2,7 2,1 1,7 1,6 0,8
36,5 36,5 36,5 36,5 36,5 36,5 36,5 . 36,5 36,1 36,1 35,5 35 34,1 34,1 34,1 34,1 34,1 34,1 34,1 34,1 34,1 32,7 31,9 29,7 29,6 27,9 26,6 25,6 25,2 26 27 27 21,3 18,9 16,8 16,7 13,4 . 10,9 9,9 14 14 14 14 14 . 14 12,4 10,6 10 8,6 7,6 7,1 6,5 5,2 4,8 4,3 3,9 3,7 2,5 1,3
. . . . . . . . . . . . . . . . . . . . . . . . . . . . . . . . . . . . . . . . . . . . . . . . . . . . . . . . . . . . . . .
36,5 36,5 36,5 36,5 36,5 36,5 36,5 . 36,5 36,1 36,1 35,5 35 34,1 34,1 34,1 34,1 34,1 34,1 34,1 34,1 34,1 32,7 31,9 29,7 29,6 27,9 26,6 25,6 25,2 26 27 27 21,3 18,9 16,8 16,7 13,4 . 10,9 9,9 14 14 14 14 14 . 14 12,4 10,6 10 8,6 7,6 7,1 6,5 5,2 4,8 4,3 3,9 3,7 2,5 1,3 . 0,8
36,5 36,5 36,5 36,5 36,5 36,5 36,5 . 36,5 36,1 36,1 35,5 35 34,1 34,1 34,1 34,1 34,1 34,1 34,1 34,1 34,1 32,7 31,9 29,7 29,6 27,9 26,6 25,6 25,2 26 27 27 21,3 18,9 16,8 16,7 13,4 . 10,9 9,9 14 14 14 14 14 . 14 12,4 10,6 10 8,6 7,6 7,1 6,5 5,2 4,8 4,3 3,9 3,7 2,5 1,3 . 0,8 0
36,5 36,5 36,5 36,5 36,5 36,5 36,5 . 36,5 36,1 36,1 35,5 35 34,1 34,1 34,1 34,1 34,1 34,1 34,1 34,1 34,1 32,7 31,9 29,7 29,6 27,9 26,6 25,6 25,2 26 27 27 21,3 18,9 16,8 16,7 13,4 . 10,9 9,9 14 14 14 14 14 . 14 12,4 10,6 10 8,6 7,6 7,1 6,5 5,2 4,8 4,3 3,9 3,7 2,5 1,3 . 0,8 0 0
