73,7 73,7 73,7 73,7 73,7 73,7 73,7 73,7 73,7 73,7 65,4 61,8 56,2 53,1 52,9 46,4 42,3 36,5 33,4 25,5 24,6 23,9 20,2 13,7 12,8 13,1 15,4 19,2 7,8 6,9
79,1 79,1 79,1 79,1 79,1 79,1 79,1 79,1 79,1 79,1 70,7 68 61,7 58,4 58,2 52,3 47,9 42,5 39,4 31,6 30 29,6 25,8 19,5 18,3 18,9 20,9 25,3 13,4 12,6
82,8 82,8 82,8 82,8 82,8 82,8 82,8 82,8 82,8 82,8 73,5 71,2 65,3 61,7 61,5 55,3 51,4 45,9 42,9 34 33,5 33 29,3 22,8 21,7 22,2 23,9 28,1 16,1 15,4
83,6 83,6 83,6 83,6 83,6 83,6 83,6 83,6 83,6 83,6 74,4 72 66,1 62,4 62,2 56,1 52,3 46,7 43,7 35,3 34,1 33,6 30,1 24 22,6 23,2 24,7 29 17,4 16,6
91,3 91,3 91,3 91,3 91,3 91,3 91,3 91,3 91,3 91,3 82,1 79,6 73,7 70,2 70 63,7 60,1 54,7 51,9 43 42 41,8 38,3 31,4 30,1 31,1 32,8 37,3 25 24
91,7 91,7 91,7 91,7 91,7 91,7 91,7 91,7 91,7 91,7 82,5 80,2 74,2 70,4 70,2 64,1 60,6 55,2 52,3 43,6 42,6 42,4 38,9 32 30,7 31,7 33,4 37,8 25,4 24,5
97,3 97,3 97,3 97,3 97,3 97,3 97,3 97,3 97,3 97,3 89,3 86,2 80,3 76,7 76,5 70,3 66,5 60,8 58,1 48,6 48,3 47,6 44,7 37,9 36,8 37,2 39,6 43,5 31,5 31
98,4 98,4 98,4 98,4 98,4 98,4 98,4 98,4 98,4 98,4 89,7 87,1 81,2 77,6 77,4 71,1 67,6 61,6 59 50,2 49,2 49 45,4 39,1 37,8 38,5 40,6 44,3 32,4 31,8
107 107 107 107 107 107 107 107 107 107 98,3 95,4 89,6 85,5 85,2 79,6 75,2 70,2 67,3 57,4 57,3 57,1 54,3 47,5 46,3 46,8 48,9 53,1 41 40,1
107,3 107,3 107,3 107,3 107,3 107,3 107,3 107,3 107,3 107,3 98,5 95,6 89,8 86 85,4 79,9 75,5 70,4 67,5 57,6 57,5 57,3 54,5 47,7 46,5 47 49,2 53,4 41,5 40,7
111,8 111,8 111,8 111,8 111,8 111,8 111,8 111,8 111,8 111,8 103,6 101,2 95,1 91,5 91,3 84,7 81,1 75,5 72,8 62,8 62,6 62,2 59,6 53,5 52,1 52,6 54,6 57,2 46,7 45,9
120 120 120 120 120 120 120 120 120 120 110,4 107 101,1 96,5 95,9 92,1 87,4 81,2 78,5 68,8 68,5 68,1 65,9 59,8 58,1 58,3 60,4 64,3 52,8 52,3
120 120 120 120 120 120 120 120 120 120 110,4 107 101,1 96,5 95,9 92,1 87,4 81,2 78,5 68,8 68,5 68,1 65,9 59,8 58,1 58,3 60,4 64,3 52,8 52,3
96,7 96,7 96,7 96,7 96,7 96,7 96,7 96,7 96,7 96,7 89,5 87,1 80,9 77,3 77 70,9 67 61,3 58,7 49,3 48,5 47,6 45,4 38,6 37,3 37,8 40 43,8 32,2 31,5
104,7 104,7 104,7 104,7 104,7 104,7 104,7 104,7 104,7 104,7 96,7 94,1 88,2 84,7 84,4 78,4 74,6 68,9 66 56,8 55,9 55,7 53,4 46,7 45,5 45,6 48 52,2 39,2 38,6
105,6 105,6 105,6 105,6 105,6 105,6 105,6 105,6 105,6 105,6 98 94,9 89,1 85,6 85,1 79 75,3 69,5 66,6 57,5 56,9 56,4 54,2 47,5 46,3 46,5 48,7 53 41,2 40,8
111,2 111,2 111,2 111,2 111,2 111,2 111,2 111,2 111,2 111,2 103,5 100,6 94,8 91 90,8 84,4 80,7 75 72,2 62,4 62,1 61,4 59,3 53,2 51,5 52,3 53,9 57,7 46,5 45,9
117,4 117,4 117,4 117,4 117,4 117,4 117,4 117,4 117,4 117,4 109,4 106,5 100,6 96,6 96,4 90,2 86,6 81,1 78,4 68,5 68,1 67,8 65 59 57,8 58,2 59,9 63,3 52,1 51,6
119,6 119,6 119,6 119,6 119,6 119,6 119,6 119,6 119,6 119,6 112,7 109,9 103,5 100,4 100,2 94,4 90,3 84,5 81,3 71,9 71,3 70,9 68,7 62 60,8 61,2 63,2 67,4 56,1 55,5
120,7 120,7 120,7 120,7 120,7 120,7 120,7 120,7 120,7 120,7 113,5 110,8 104,2 101,4 101,2 95,1 91,1 85,2 82,2 73 72,7 72,5 69,4 62,6 61,4 62 63,8 67,9 56,8 56
121,7 121,7 121,7 121,7 121,7 121,7 121,7 121,7 121,7 121,7 114,5 111,3 104,7 102,7 102,4 96,1 92,2 86,1 83,4 75,8 74,4 73,9 70,9 63,8 62,8 63,3 64,9 68,9 57,4 56,9
122,7 122,7 122,7 122,7 122,7 122,7 122,7 122,7 122,7 122,7 115,6 111,8 105,6 103,7 103,1 97,1 93,2 87,1 84,4 77,1 75,6 74,9 71,9 64,9 63,8 64,4 66,4 69,9 58,6 58,1
122,7 122,7 122,7 122,7 122,7 122,7 122,7 122,7 122,7 122,7 115,6 111,8 105,6 103,7 103,1 97,1 93,2 87,1 84,4 77,1 75,6 74,9 71,9 64,9 63,8 64,4 66,4 69,9 58,6 58,1
122,7 122,7 122,7 122,7 122,7 122,7 122,7 122,7 122,7 122,7 115,6 111,8 105,6 103,7 103,1 97,1 93,2 87,1 84,4 77,1 75,6 74,9 71,9 64,9 63,8 64,4 66,4 69,9 58,6 58,1
121,3 121,3 121,3 121,3 121,3 121,3 121,3 121,3 121,3 121,3 114,2 111,5 105,1 102 101,8 95,5 91,6 86 83,1 73,3 73 72,8 70,2 63,4 62,3 62,6 65,1 68,4 57,1 56,4
126,5 126,5 126,5 126,5 126,5 126,5 126,5 126,5 126,5 126,5 121,4 118,6 112,3 108,4 108 102,7 98,1 93,3 90,5 80,2 79,6 79,2 77,3 71 69,5 70 72,5 75,7 64,1 63,5
126,5 126,5 126,5 126,5 126,5 126,5 126,5 126,5 126,5 126,5 121,4 118,6 112,3 108,4 108 102,7 98,1 93,3 90,5 80,2 79,6 79,2 77,3 71 69,5 70 72,5 75,7 64,1 63,5
127,9 127,9 127,9 127,9 127,9 127,9 127,9 127,9 127,9 127,9 122,8 120 113,7 109,8 109,4 104,1 99,5 94,7 91,9 81,6 81 80,6 78,7 72,4 70,9 71,4 73,9 77,1 65,5 64,9
127,9 127,9 127,9 127,9 127,9 127,9 127,9 127,9 127,9 127,9 122,8 120 113,7 109,8 109,4 104,1 99,5 94,7 91,9 81,6 81 80,6 78,7 72,4 70,9 71,4 73,9 77,1 65,5 64,9
127,9 127,9 127,9 127,9 127,9 127,9 127,9 127,9 127,9 127,9 122,8 120 113,7 109,8 109,4 104,1 99,5 94,7 91,9 81,6 81 80,6 78,7 72,4 70,9 71,4 73,9 77,1 65,5 64,9
127,9 127,9 127,9 127,9 127,9 127,9 127,9 127,9 127,9 127,9 122,8 120 113,7 109,8 109,4 104,1 99,5 94,7 91,9 81,6 81 80,6 78,7 72,4 70,9 71,4 73,9 77,1 65,5 64,9
127,9 127,9 127,9 127,9 127,9 127,9 127,9 127,9 127,9 127,9 122,8 120 113,7 109,8 109,4 104,1 99,5 94,7 91,9 81,6 81 80,6 78,7 72,4 70,9 71,4 73,9 77,1 65,5 64,9
127,9 127,9 127,9 127,9 127,9 127,9 127,9 127,9 127,9 127,9 122,8 120 113,7 109,8 109,4 104,1 99,5 94,7 91,9 81,6 81 80,6 78,7 72,4 70,9 71,4 73,9 77,1 65,5 64,9
127,9 127,9 127,9 127,9 127,9 127,9 127,9 127,9 127,9 127,9 122,8 120 113,7 109,8 109,4 104,1 99,5 94,7 91,9 81,6 81 80,6 78,7 72,4 70,9 71,4 73,9 77,1 65,5 64,9
127,9 127,9 127,9 127,9 127,9 127,9 127,9 127,9 127,9 127,9 122,8 120 113,7 109,8 109,4 104,1 99,5 94,7 91,9 81,6 81 80,6 78,7 72,4 70,9 71,4 73,9 77,1 65,5 64,9
127,9 127,9 127,9 127,9 127,9 127,9 127,9 127,9 127,9 127,9 122,8 120 113,7 109,8 109,4 104,1 99,5 94,7 91,9 81,6 81 80,6 78,7 72,4 70,9 71,4 73,9 77,1 65,5 64,9
