34,4 34,4 34,4 34,4 34,4 34,4 34,4 34,4 34,4 34,4 29,9 28,4 25,7 24,8 24,4 21,3 19,8 17 15,3 11,8 11,6 10,6 8,7 6,3 5,5 5,6 6,6 9,5 3,7 3,3
37 37 37 37 37 37 37 37 37 37 32,3 31,1 28,1 27 26,7 23,7 22,1 19,3 17,8 14,1 14 13 11,1 8,7 7,9 8,1 9,1 11,8 6,1 5,6
38 38 38 38 38 38 38 38 38 38 33,2 32,1 29,4 28 27,7 24,7 23,4 20,5 19,1 15,6 15,5 14,1 12,7 9,9 9,3 9,5 10,2 13 7,2 7
38,6 38,6 38,6 38,6 38,6 38,6 38,6 38,6 38,6 38,6 34,2 32,9 30,2 28,8 28,5 25,5 24,1 21,3 19,9 16,5 16,3 14,9 13,6 10,7 10,2 10,3 10,9 14 8,2 7,8
42,5 42,5 42,5 42,5 42,5 42,5 42,5 42,5 42,5 42,5 38 36,6 33,9 32,7 32,3 29,3 27,7 25 23,4 19,8 19,7 18,8 16,9 14,3 13,7 13,8 14,6 17,4 11,7 11,3
42,7 42,7 42,7 42,7 42,7 42,7 42,7 42,7 42,7 42,7 38,2 36,8 34,1 32,9 32,5 29,5 27,9 25,2 23,6 20 19,9 19 17,2 14,5 14 14,1 14,8 17,7 11,9 11,5
44,8 44,8 44,8 44,8 44,8 44,8 44,8 44,8 44,8 44,8 40,3 38,7 35,9 34,8 34,4 31,5 30 27,2 26 22,5 22,4 20,8 19,4 16,6 15,9 16,1 17,1 20 14,1 13,9
45,3 45,3 45,3 45,3 45,3 45,3 45,3 45,3 45,3 45,3 41,3 40 37,2 35,6 35,2 32,5 31 28,1 26,9 23,1 23 22 20,3 18,2 17,2 17,3 18,1 21 15,1 14,8
49,3 49,3 49,3 49,3 49,3 49,3 49,3 49,3 49,3 49,3 45 43,7 41 39,7 39,3 36,4 34,9 32,1 30,5 26,9 26,8 25,8 24,3 21,8 21,1 21,2 21,7 24,8 18,9 18,5
49,5 49,5 49,5 49,5 49,5 49,5 49,5 49,5 49,5 49,5 45,2 43,9 41,2 40 39,5 36,6 35,1 32,3 30,7 27,1 27 26 24,5 22 21,3 21,4 21,9 25,1 19,2 18,8
52,6 52,6 52,6 52,6 52,6 52,6 52,6 52,6 52,6 52,6 47,7 46,7 44 42,6 42,2 39,2 37,7 35 33,6 29,7 29,6 28,6 27,3 25 23,8 23,9 24,8 27,8 21,8 21,5
53,9 53,9 53,9 53,9 53,9 53,9 53,9 53,9 53,9 53,9 50,7 49,4 46,7 44,6 44,2 42,1 40 37,3 36,1 31,8 31,7 31,2 29,5 27,2 26,5 26,6 27,3 30,3 24,5 24,1
53,9 53,9 53,9 53,9 53,9 53,9 53,9 53,9 53,9 53,9 50,7 49,4 46,7 44,6 44,2 42,1 40 37,3 36,1 31,8 31,7 31,2 29,5 27,2 26,5 26,6 27,3 30,3 24,5 24,1
44,6 44,6 44,6 44,6 44,6 44,6 44,6 44,6 44,6 44,6 39,7 38,7 35,9 34,9 34,5 31,5 29,9 27,3 25,9 22,4 22,3 20,9 19,7 16,9 16,2 16,3 17 19,9 14,2 13,9
48,7 48,7 48,7 48,7 48,7 48,7 48,7 48,7 48,7 48,7 43,7 43,3 40,6 39,2 38,8 35,7 34,4 31,7 30,2 26,9 26,8 25,7 24,1 21,4 20,7 20,8 21,5 24,6 18,7 18,4
48,9 48,9 48,9 48,9 48,9 48,9 48,9 48,9 48,9 48,9 44 43,6 40,9 39,5 39 36 34,6 31,9 30,5 27,2 27,1 26 24,5 21,6 21 21,1 21,7 24,8 19,1 18,8
51,6 51,6 51,6 51,6 51,6 51,6 51,6 51,6 51,6 51,6 47,7 46,6 43,9 42,2 41,8 39 37,6 35,1 33,6 30,1 29,9 28,8 27 24,5 23,8 23,9 24,9 27,1 22,2 21,8
52,5 52,5 52,5 52,5 52,5 52,5 52,5 52,5 52,5 52,5 48,1 46,9 44,2 43,2 42,8 39,4 38,3 35,6 34,3 30,5 30,4 29,5 28,3 25,6 24,9 25,1 25,9 28,1 22,9 22,8
56 56 56 56 56 56 56 56 56 56 50,8 50,4 47,2 46,5 46,1 43 41,8 38,9 37,1 34 33,9 32,7 30,8 28,3 27,8 27,9 28,7 30,6 25,8 25,5
56,4 56,4 56,4 56,4 56,4 56,4 56,4 56,4 56,4 56,4 51,6 50,6 47,7 46,7 46,3 43,4 42 39,1 37,7 34,4 34,3 33,1 31,4 28,8 28,3 28,4 29 31,2 26 25,8
56,6 56,6 56,6 56,6 56,6 56,6 56,6 56,6 56,6 56,6 51,9 50,9 47,9 46,9 46,5 43,6 42,2 39,4 38,1 34,6 34,5 33,3 31,6 29,3 28,6 28,7 29,2 31,7 26,7 26,4
56,8 56,8 56,8 56,8 56,8 56,8 56,8 56,8 56,8 56,8 52,2 51,1 48,3 47,2 46,9 43,9 42,4 39,9 38,3 35,2 35,1 33,7 31,9 29,7 29,1 29,2 29,9 32,2 27,5 27
56,8 56,8 56,8 56,8 56,8 56,8 56,8 56,8 56,8 56,8 52,2 51,1 48,3 47,2 46,9 43,9 42,4 39,9 38,3 35,2 35,1 33,7 31,9 29,7 29,1 29,2 29,9 32,2 27,5 27
56,8 56,8 56,8 56,8 56,8 56,8 56,8 56,8 56,8 56,8 52,2 51,1 48,3 47,2 46,9 43,9 42,4 39,9 38,3 35,2 35,1 33,7 31,9 29,7 29,1 29,2 29,9 32,2 27,5 27
56,2 56,2 56,2 56,2 56,2 56,2 56,2 56,2 56,2 56,2 51,8 50,6 47,7 46,7 46,3 43,6 42,1 39,1 37,7 34,4 34,3 33,2 31,4 28,9 28,4 28,5 29 31,4 26 25,9
58,1 58,1 58,1 58,1 58,1 58,1 58,1 58,1 58,1 58,1 54,4 53,3 50,4 49,2 48,8 45,8 44,8 41,7 40,6 36,7 36,6 35,6 34,2 31,5 30,9 31,1 31,9 34,2 29 28,7
58,1 58,1 58,1 58,1 58,1 58,1 58,1 58,1 58,1 58,1 54,4 53,3 50,4 49,2 48,8 45,8 44,8 41,7 40,6 36,7 36,6 35,6 34,2 31,5 30,9 31,1 31,9 34,2 29 28,7
58,7 58,7 58,7 58,7 58,7 58,7 58,7 58,7 58,7 58,7 55 53,9 51 49,8 49,4 46,4 45,4 42,3 41,2 37,3 37,2 36,2 34,8 32,1 31,5 31,7 32,5 34,8 29,6 29,3
58,7 58,7 58,7 58,7 58,7 58,7 58,7 58,7 58,7 58,7 55 53,9 51 49,8 49,4 46,4 45,4 42,3 41,2 37,3 37,2 36,2 34,8 32,1 31,5 31,7 32,5 34,8 29,6 29,3
58,7 58,7 58,7 58,7 58,7 58,7 58,7 58,7 58,7 58,7 55 53,9 51 49,8 49,4 46,4 45,4 42,3 41,2 37,3 37,2 36,2 34,8 32,1 31,5 31,7 32,5 34,8 29,6 29,3
58,7 58,7 58,7 58,7 58,7 58,7 58,7 58,7 58,7 58,7 55 53,9 51 49,8 49,4 46,4 45,4 42,3 41,2 37,3 37,2 36,2 34,8 32,1 31,5 31,7 32,5 34,8 29,6 29,3
58,7 58,7 58,7 58,7 58,7 58,7 58,7 58,7 58,7 58,7 55 53,9 51 49,8 49,4 46,4 45,4 42,3 41,2 37,3 37,2 36,2 34,8 32,1 31,5 31,7 32,5 34,8 29,6 29,3
58,7 58,7 58,7 58,7 58,7 58,7 58,7 58,7 58,7 58,7 55 53,9 51 49,8 49,4 46,4 45,4 42,3 41,2 37,3 37,2 36,2 34,8 32,1 31,5 31,7 32,5 34,8 29,6 29,3
58,7 58,7 58,7 58,7 58,7 58,7 58,7 58,7 58,7 58,7 55 53,9 51 49,8 49,4 46,4 45,4 42,3 41,2 37,3 37,2 36,2 34,8 32,1 31,5 31,7 32,5 34,8 29,6 29,3
58,7 58,7 58,7 58,7 58,7 58,7 58,7 58,7 58,7 58,7 55 53,9 51 49,8 49,4 46,4 45,4 42,3 41,2 37,3 37,2 36,2 34,8 32,1 31,5 31,7 32,5 34,8 29,6 29,3
58,7 58,7 58,7 58,7 58,7 58,7 58,7 58,7 58,7 58,7 55 53,9 51 49,8 49,4 46,4 45,4 42,3 41,2 37,3 37,2 36,2 34,8 32,1 31,5 31,7 32,5 34,8 29,6 29,3
