20,1 20,1 20,1 20,1 20,1 20,1 20,1 20,1 20,1 20,1 17,3 16,6 14,9 14,2 14,1 12 11,2 9,6 8,7 7,2 7 6,3 5,3 3,6 3,4 3,5 3,9 5,5 2 1,6
21,6 21,6 21,6 21,6 21,6 21,6 21,6 21,6 21,6 21,6 18,9 18,2 16,4 15,7 15,6 13,6 12,7 11 10,2 8,7 8,5 8 7 5,3 5 5,1 5,4 7,2 3,6 3,5
22,7 22,7 22,7 22,7 22,7 22,7 22,7 22,7 22,7 22,7 20,1 19,3 17,6 16,7 16,6 14,6 13,8 12,2 11,3 9,6 9,5 9 7,9 6,3 6 6,1 6,4 8,2 4,6 4,3
22,9 22,9 22,9 22,9 22,9 22,9 22,9 22,9 22,9 22,9 20,4 19,5 17,8 16,9 16,8 14,9 14 12,5 11,5 9,9 9,7 9,2 8,2 6,6 6,2 6,3 6,8 8,3 4,8 4,6
24,7 24,7 24,7 24,7 24,7 24,7 24,7 24,7 24,7 24,7 22 21,3 19,6 18,9 18,8 16,6 15,8 14,3 13,5 11,8 11,6 11 9,9 8,4 8,1 8,2 8,6 10,2 6,9 6,6
24,8 24,8 24,8 24,8 24,8 24,8 24,8 24,8 24,8 24,8 22,1 21,4 19,7 19 18,9 16,7 15,9 14,4 13,6 11,9 11,7 11,2 10 8,5 8,2 8,3 8,7 10,3 7 6,8
26,5 26,5 26,5 26,5 26,5 26,5 26,5 26,5 26,5 26,5 23,7 22,9 21,2 20,3 20,2 18 17,1 15,8 14,9 13,2 12,9 12,5 11,6 9,8 9,6 9,7 9,9 11,8 8,3 8,1
26,7 26,7 26,7 26,7 26,7 26,7 26,7 26,7 26,7 26,7 24,2 23,4 21,6 20,8 20,7 18,7 17,6 16,2 15,4 13,6 13,3 12,9 11,9 10,2 9,9 10 10,4 12,1 8,8 8,6
29 29 29 29 29 29 29 29 29 29 26,3 25,5 23,8 22,9 22,8 20,9 20,1 18,5 17,5 15,8 15,5 15,2 14,2 12,6 12,3 12,4 12,7 14,4 10,9 10,7
29,2 29,2 29,2 29,2 29,2 29,2 29,2 29,2 29,2 29,2 26,4 25,7 24 23,1 22,9 21 20,2 18,6 17,6 15,9 15,6 15,3 14,3 12,7 12,4 12,5 12,8 14,5 11 10,8
30,1 30,1 30,1 30,1 30,1 30,1 30,1 30,1 30,1 30,1 27,1 26,6 24,9 24,1 24 22 21 19,5 18,7 16,8 16,5 16,2 15,1 13,5 13,3 13,4 13,6 15,2 12 11,7
32,2 32,2 32,2 32,2 32,2 32,2 32,2 32,2 32,2 32,2 29,8 28,8 27,2 26,3 26 24,3 23,3 21,5 20,7 18,8 18,7 18,4 17,3 15,6 15,3 15,4 15,6 17,1 14 13,7
32,2 32,2 32,2 32,2 32,2 32,2 32,2 32,2 32,2 32,2 29,8 28,8 27,2 26,3 26 24,3 23,3 21,5 20,7 18,8 18,7 18,4 17,3 15,6 15,3 15,4 15,6 17,1 14 13,7
26,4 26,4 26,4 26,4 26,4 26,4 26,4 26,4 26,4 26,4 23,8 23 21,2 20,5 20,4 18,3 17,3 15,9 15,1 13,3 13 12,6 11,6 9,8 9,5 9,7 10 11,9 8,5 8,1
28,9 28,9 28,9 28,9 28,9 28,9 28,9 28,9 28,9 28,9 26,1 25,3 23,7 22,8 22,7 20,7 20 18,3 17,4 15,5 15,4 15,1 14,1 12,5 12,1 12,2 12,5 14,2 10,8 10,6
29,1 29,1 29,1 29,1 29,1 29,1 29,1 29,1 29,1 29,1 26,3 25,5 23,9 23,1 22,9 20,9 20,2 18,7 17,6 15,7 15,6 15,3 14,3 12,7 12,3 12,4 12,7 14,5 11,2 10,8
30,8 30,8 30,8 30,8 30,8 30,8 30,8 30,8 30,8 30,8 27,7 27,2 25,5 24,7 24,6 22,4 21,6 20,1 19,3 17,5 17,1 16,7 15,6 14,2 13,8 14,1 14,2 16 12,7 12,3
31,5 31,5 31,5 31,5 31,5 31,5 31,5 31,5 31,5 31,5 28,5 28 26,3 25,4 25,3 23,3 22,3 20,9 20,1 18,2 17,9 17,4 16,5 14,9 14,6 14,8 15,1 16,7 13,3 13,1
32,8 32,8 32,8 32,8 32,8 32,8 32,8 32,8 32,8 32,8 29,7 29,4 27,2 26,5 26,3 24,6 24 22,2 21,1 19,1 19 18,9 17,8 16,1 15,7 15,9 16,3 18 14,6 14,3
33 33 33 33 33 33 33 33 33 33 30 29,6 27,6 26,7 26,5 24,8 24,2 22,4 21,4 19,7 19,3 19,1 18 16,6 16,2 16,3 16,6 18,3 14,9 14,6
33,2 33,2 33,2 33,2 33,2 33,2 33,2 33,2 33,2 33,2 30,6 29,8 27,9 27,1 26,9 25,2 24,4 22,9 22,1 20,9 20,2 19,8 18,8 17,2 16,9 17 17,7 18,8 15,4 15,3
33,4 33,4 33,4 33,4 33,4 33,4 33,4 33,4 33,4 33,4 30,8 30,1 28,5 27,5 27,3 25,5 24,7 23,1 22,3 21,5 20,6 20 19,1 17,4 17,1 17,3 17,9 19,2 15,7 15,6
33,4 33,4 33,4 33,4 33,4 33,4 33,4 33,4 33,4 33,4 30,8 30,1 28,5 27,5 27,3 25,5 24,7 23,1 22,3 21,5 20,6 20 19,1 17,4 17,1 17,3 17,9 19,2 15,7 15,6
33,4 33,4 33,4 33,4 33,4 33,4 33,4 33,4 33,4 33,4 30,8 30,1 28,5 27,5 27,3 25,5 24,7 23,1 22,3 21,5 20,6 20 19,1 17,4 17,1 17,3 17,9 19,2 15,7 15,6
33,1 33,1 33,1 33,1 33,1 33,1 33,1 33,1 33,1 33,1 30,5 30 28,1 27 26,9 25,2 24,4 22,7 21,8 20,2 19,8 19,5 18,5 16,8 16,5 16,6 16,9 18,8 15,2 14,8
34,5 34,5 34,5 34,5 34,5 34,5 34,5 34,5 34,5 34,5 31,8 31,5 29,6 28,6 28,5 26,6 25,9 24,2 23,4 21,4 21,1 20,8 20 18,3 17,8 18 18,3 20,2 16,5 16,2
34,5 34,5 34,5 34,5 34,5 34,5 34,5 34,5 34,5 34,5 31,8 31,5 29,6 28,6 28,5 26,6 25,9 24,2 23,4 21,4 21,1 20,8 20 18,3 17,8 18 18,3 20,2 16,5 16,2
34,9 34,9 34,9 34,9 34,9 34,9 34,9 34,9 34,9 34,9 32,2 31,9 30 29 28,9 27 26,3 24,6 23,8 21,8 21,5 21,2 20,4 18,7 18,2 18,4 18,7 20,6 16,9 16,6
34,9 34,9 34,9 34,9 34,9 34,9 34,9 34,9 34,9 34,9 32,2 31,9 30 29 28,9 27 26,3 24,6 23,8 21,8 21,5 21,2 20,4 18,7 18,2 18,4 18,7 20,6 16,9 16,6
34,9 34,9 34,9 34,9 34,9 34,9 34,9 34,9 34,9 34,9 32,2 31,9 30 29 28,9 27 26,3 24,6 23,8 21,8 21,5 21,2 20,4 18,7 18,2 18,4 18,7 20,6 16,9 16,6
34,9 34,9 34,9 34,9 34,9 34,9 34,9 34,9 34,9 34,9 32,2 31,9 30 29 28,9 27 26,3 24,6 23,8 21,8 21,5 21,2 20,4 18,7 18,2 18,4 18,7 20,6 16,9 16,6
34,9 34,9 34,9 34,9 34,9 34,9 34,9 34,9 34,9 34,9 32,2 31,9 30 29 28,9 27 26,3 24,6 23,8 21,8 21,5 21,2 20,4 18,7 18,2 18,4 18,7 20,6 16,9 16,6
34,9 34,9 34,9 34,9 34,9 34,9 34,9 34,9 34,9 34,9 32,2 31,9 30 29 28,9 27 26,3 24,6 23,8 21,8 21,5 21,2 20,4 18,7 18,2 18,4 18,7 20,6 16,9 16,6
34,9 34,9 34,9 34,9 34,9 34,9 34,9 34,9 34,9 34,9 32,2 31,9 30 29 28,9 27 26,3 24,6 23,8 21,8 21,5 21,2 20,4 18,7 18,2 18,4 18,7 20,6 16,9 16,6
34,9 34,9 34,9 34,9 34,9 34,9 34,9 34,9 34,9 34,9 32,2 31,9 30 29 28,9 27 26,3 24,6 23,8 21,8 21,5 21,2 20,4 18,7 18,2 18,4 18,7 20,6 16,9 16,6
34,9 34,9 34,9 34,9 34,9 34,9 34,9 34,9 34,9 34,9 32,2 31,9 30 29 28,9 27 26,3 24,6 23,8 21,8 21,5 21,2 20,4 18,7 18,2 18,4 18,7 20,6 16,9 16,6
