54,3 54,3 54,3 54,3 54,3 54,3 54,3 54,3 54,3 54,3 46,1 44,3 40,3 37,7 37,5 33,3 30,3 26,3 24,1 18,3 18,1 17 14,3 9,7 8,7 9,1 9,8 14 5,7 5,2
57,6 57,6 57,6 57,6 57,6 57,6 57,6 57,6 57,6 57,6 49,7 47,7 43,5 40,9 40,7 37 33,7 29,6 27,1 21,4 21,2 20,3 17,8 13 12,1 12,5 13,2 17,6 9 8,6
59,8 59,8 59,8 59,8 59,8 59,8 59,8 59,8 59,8 59,8 52,3 50,2 45,8 43,3 43 39,1 36,4 32,7 30,2 23,7 23,5 23 20,4 15,8 14,3 14,7 15,1 19,6 11 10,6
60,6 60,6 60,6 60,6 60,6 60,6 60,6 60,6 60,6 60,6 53,2 51,1 46,7 44,2 43,9 40,4 37,3 33,6 31,1 25,1 24,8 23,9 21,3 17 15,6 16 16,7 20,9 12,6 12,1
65,9 65,9 65,9 65,9 65,9 65,9 65,9 65,9 65,9 65,9 57,8 56 51,9 49,1 48,9 45,3 42,3 38,1 35,9 29,8 29,6 28,2 26,2 21,7 20,7 21,1 21,6 26,3 17,4 17
66,2 66,2 66,2 66,2 66,2 66,2 66,2 66,2 66,2 66,2 58 56,2 52,1 49,3 49,1 45,5 42,5 38,3 36,1 30 29,8 28,4 26,4 21,9 20,9 21,3 21,8 26,5 17,6 17,2
69,6 69,6 69,6 69,6 69,6 69,6 69,6 69,6 69,6 69,6 62,1 60,1 55,8 53 52,8 49,6 46,1 42,6 40,5 34 33,9 32,2 30,8 26,1 25 25,4 25,7 30,3 21,8 21,2
70,4 70,4 70,4 70,4 70,4 70,4 70,4 70,4 70,4 70,4 63,5 61,2 56,8 54,5 54,3 50,3 47,2 43,6 41,2 35,3 35,1 34 31,6 27,6 25,9 26,2 27,2 31,3 22,9 22,4
76,1 76,1 76,1 76,1 76,1 76,1 76,1 76,1 76,1 76,1 69,2 67,1 62,9 60,5 60,1 56,3 53,4 49,5 47,2 40,5 40,4 39,3 38 33,1 32,1 32,5 33 37 28,6 28,2
76,4 76,4 76,4 76,4 76,4 76,4 76,4 76,4 76,4 76,4 69,5 67,4 63,2 60,8 60,3 56,6 53,7 49,8 47,5 40,7 40,6 39,6 38,2 33,4 32,3 32,7 33,2 37,3 29 28,7
81,3 81,3 81,3 81,3 81,3 81,3 81,3 81,3 81,3 81,3 73,2 71,1 67,2 64,3 64,1 60,8 57,2 53,4 51,1 44,7 44,6 43,9 41,7 37,6 36,3 36,7 36,9 41,2 32,8 32,2
84,1 84,1 84,1 84,1 84,1 84,1 84,1 84,1 84,1 84,1 78,3 76,2 71,8 68,3 67,7 65,3 61,9 58,1 55,8 48,5 48,3 47,9 45,9 41,8 40,4 40,6 41,5 45,8 37,1 36,5
84,1 84,1 84,1 84,1 84,1 84,1 84,1 84,1 84,1 84,1 78,3 76,2 71,8 68,3 67,7 65,3 61,9 58,1 55,8 48,5 48,3 47,9 45,9 41,8 40,4 40,6 41,5 45,8 37,1 36,5
69,4 69,4 69,4 69,4 69,4 69,4 69,4 69,4 69,4 69,4 62 60 55,6 52,1 51,9 49,4 45,9 42,4 39,9 34,1 34 32,5 30,6 26,1 25 25,4 25,7 29,7 21,7 21
75,3 75,3 75,3 75,3 75,3 75,3 75,3 75,3 75,3 75,3 67,9 65,5 61,3 58,5 58,3 55 52 48 45,7 39,3 39,2 38,5 36,5 31,9 31,1 31,5 31,7 36,4 27,5 27,1
75,6 75,6 75,6 75,6 75,6 75,6 75,6 75,6 75,6 75,6 68,2 66 61,8 59,3 58,9 55,7 52,5 48,7 46,5 40 39,9 39,2 37,2 32,6 31,7 32,1 32,4 36,7 28,3 27,9
79,2 79,2 79,2 79,2 79,2 79,2 79,2 79,2 79,2 79,2 71,5 69,7 65,4 63,3 62,9 59,9 56,8 53,2 50,8 44,9 44,8 43,3 41,1 37,3 36,2 36,6 37,3 41 32,5 32
82,4 82,4 82,4 82,4 82,4 82,4 82,4 82,4 82,4 82,4 75,5 73,3 69 65,9 65,7 62,4 59,8 56,2 53,8 47 46,9 46,3 44,1 40,2 38,9 39,2 39,5 43,5 35,8 34,6
85,9 85,9 85,9 85,9 85,9 85,9 85,9 85,9 85,9 85,9 78,2 76,4 71,7 69,5 69,3 65,7 62,7 58,8 56,3 50 49,9 48,2 47 43 41,8 42,2 42,9 46,5 38,4 37,9
86,1 86,1 86,1 86,1 86,1 86,1 86,1 86,1 86,1 86,1 78,6 76,7 72,2 70 69,8 66,2 63,1 59,4 56,6 50,8 50,6 49,2 47,7 43,5 42 42,4 43,3 47,3 38,7 38,2
86,9 86,9 86,9 86,9 86,9 86,9 86,9 86,9 86,9 86,9 79,1 77,2 72,8 70,5 70,3 66,7 63,6 59,9 57,2 52,4 52,2 50,4 48,2 45,3 43,1 43,5 43,8 47,8 39,2 38,8
87,2 87,2 87,2 87,2 87,2 87,2 87,2 87,2 87,2 87,2 79,6 77,7 73,7 71,2 70,8 67,2 64,1 60,4 57,7 53,2 52,8 50,9 48,7 45,8 43,6 44 44,7 48,6 40,5 40,1
87,2 87,2 87,2 87,2 87,2 87,2 87,2 87,2 87,2 87,2 79,6 77,7 73,7 71,2 70,8 67,2 64,1 60,4 57,7 53,2 52,8 50,9 48,7 45,8 43,6 44 44,7 48,6 40,5 40,1
87,2 87,2 87,2 87,2 87,2 87,2 87,2 87,2 87,2 87,2 79,6 77,7 73,7 71,2 70,8 67,2 64,1 60,4 57,7 53,2 52,8 50,9 48,7 45,8 43,6 44 44,7 48,6 40,5 40,1
86,1 86,1 86,1 86,1 86,1 86,1 86,1 86,1 86,1 86,1 78,9 76,9 72,3 70,2 70 66,4 63,3 59,6 56,8 50,8 50,6 49,3 47,9 43,8 42 42,4 43,5 47,3 38,9 38,4
88,7 88,7 88,7 88,7 88,7 88,7 88,7 88,7 88,7 88,7 83,6 80,9 76,1 73,7 73,5 71,1 67,5 63,9 61,7 54,7 54,6 53,6 52,6 48,2 46,8 47,1 47,5 52,1 43,6 42,9
88,7 88,7 88,7 88,7 88,7 88,7 88,7 88,7 88,7 88,7 83,6 80,9 76,1 73,7 73,5 71,1 67,5 63,9 61,7 54,7 54,6 53,6 52,6 48,2 46,8 47,1 47,5 52,1 43,6 42,9
89,6 89,6 89,6 89,6 89,6 89,6 89,6 89,6 89,6 89,6 84,5 81,8 77 74,6 74,4 72 68,4 64,8 62,6 55,6 55,5 54,5 53,5 49,1 47,7 48 48,4 53 44,5 43,8
89,6 89,6 89,6 89,6 89,6 89,6 89,6 89,6 89,6 89,6 84,5 81,8 77 74,6 74,4 72 68,4 64,8 62,6 55,6 55,5 54,5 53,5 49,1 47,7 48 48,4 53 44,5 43,8
89,6 89,6 89,6 89,6 89,6 89,6 89,6 89,6 89,6 89,6 84,5 81,8 77 74,6 74,4 72 68,4 64,8 62,6 55,6 55,5 54,5 53,5 49,1 47,7 48 48,4 53 44,5 43,8
89,6 89,6 89,6 89,6 89,6 89,6 89,6 89,6 89,6 89,6 84,5 81,8 77 74,6 74,4 72 68,4 64,8 62,6 55,6 55,5 54,5 53,5 49,1 47,7 48 48,4 53 44,5 43,8
89,6 89,6 89,6 89,6 89,6 89,6 89,6 89,6 89,6 89,6 84,5 81,8 77 74,6 74,4 72 68,4 64,8 62,6 55,6 55,5 54,5 53,5 49,1 47,7 48 48,4 53 44,5 43,8
89,6 89,6 89,6 89,6 89,6 89,6 89,6 89,6 89,6 89,6 84,5 81,8 77 74,6 74,4 72 68,4 64,8 62,6 55,6 55,5 54,5 53,5 49,1 47,7 48 48,4 53 44,5 43,8
89,6 89,6 89,6 89,6 89,6 89,6 89,6 89,6 89,6 89,6 84,5 81,8 77 74,6 74,4 72 68,4 64,8 62,6 55,6 55,5 54,5 53,5 49,1 47,7 48 48,4 53 44,5 43,8
89,6 89,6 89,6 89,6 89,6 89,6 89,6 89,6 89,6 89,6 84,5 81,8 77 74,6 74,4 72 68,4 64,8 62,6 55,6 55,5 54,5 53,5 49,1 47,7 48 48,4 53 44,5 43,8
89,6 89,6 89,6 89,6 89,6 89,6 89,6 89,6 89,6 89,6 84,5 81,8 77 74,6 74,4 72 68,4 64,8 62,6 55,6 55,5 54,5 53,5 49,1 47,7 48 48,4 53 44,5 43,8
