97,5 97,5 97,5 97,5 97,5 97,5 97,5 97,5 97,5 97,5 85,2 81,6 74,3 69,5 69,2 60,8 55,9 48,8 44 34,2 32,3 31 26,4 17,8 16,8 17 20,4 25,3 9,9 8,3
104 104 104 104 104 104 104 104 104 104 92,1 89,1 81,4 76,1 75,9 67,8 63,3 56 51,3 41,2 39,2 38,2 33,3 24,9 23,8 24,1 27,6 32,9 16,9 15,2
109,8 109,8 109,8 109,8 109,8 109,8 109,8 109,8 109,8 109,8 96,9 94,9 87,4 81,6 81,4 73,2 68,5 61,1 56,6 45,9 45 43,8 39,3 30,1 29 29,2 32,1 37,7 21,3 20,3
110,3 110,3 110,3 110,3 110,3 110,3 110,3 110,3 110,3 110,3 97,5 95,5 88,1 82,4 82,2 73,8 69,3 62,2 57,5 47,4 45,8 44,5 40,4 31,6 30,5 30,6 33,4 39,8 23,3 22,1
119,6 119,6 119,6 119,6 119,6 119,6 119,6 119,6 119,6 119,6 106,7 104,3 96,7 91,8 91,6 82,3 78,9 71,5 67,5 55,8 53,9 53,5 49,4 40,7 39,7 39,8 42,7 48,4 31,7 30,7
120,2 120,2 120,2 120,2 120,2 120,2 120,2 120,2 120,2 120,2 107,3 104,9 97,4 92,2 92 82,9 79,5 72,3 68 56,6 54,5 54,1 50 41,4 40,4 40,5 43,3 49 32,3 31,4
127,3 127,3 127,3 127,3 127,3 127,3 127,3 127,3 127,3 127,3 115,4 112,2 104,4 99,4 99,2 90 85,5 78,6 75,4 63,2 62 61,2 57,6 48,7 47,3 47,4 51,4 56,1 39,9 38,9
129,2 129,2 129,2 129,2 129,2 129,2 129,2 129,2 129,2 129,2 118 114,4 106,6 102 101,8 93,1 89,1 80,9 77,7 66,8 65,1 64,5 59,8 51,5 50,4 50,7 54 58,9 42,8 41,7
140 140 140 140 140 140 140 140 140 140 129,1 126,1 118,4 112,3 112,1 104 99,7 92,5 89 75,5 75,1 74,5 71,1 62,4 61 61,2 65 69,8 53,5 52,2
140,2 140,2 140,2 140,2 140,2 140,2 140,2 140,2 140,2 140,2 129,3 126,3 118,6 112,8 112,3 104,3 99,9 92,7 89,2 75,5 75,1 74,8 71,3 62,6 61,2 61,4 65,3 70 54 52,7
146,3 146,3 146,3 146,3 146,3 146,3 146,3 146,3 146,3 146,3 135,2 131,5 124 118,6 118,4 109,4 106,3 98,1 94,6 81,5 81,3 79,8 76,8 68,2 67,1 67,3 70,9 75,4 59,7 58
154,6 154,6 154,6 154,6 154,6 154,6 154,6 154,6 154,6 154,6 142,7 138,9 131,4 124 123,3 118 112,4 105,2 101,4 87,8 87,4 86,8 83,5 75,2 73,1 73,7 78,2 82,1 66,1 64,9
154,6 154,6 154,6 154,6 154,6 154,6 154,6 154,6 154,6 154,6 142,7 138,9 131,4 124 123,3 118 112,4 105,2 101,4 87,8 87,4 86,8 83,5 75,2 73,1 73,7 78,2 82,1 66,1 64,9
126,9 126,9 126,9 126,9 126,9 126,9 126,9 126,9 126,9 126,9 115,3 113 105,1 100,2 100 90 86,4 79 76,1 64 63,1 61,2 58,3 49,4 48,1 48,7 51 56,9 40,9 39,5
137 137 137 137 137 137 137 137 137 137 126,1 122,8 115,3 110 109,8 100,2 97,7 89,4 85,4 73,5 72 71,1 68,3 59,4 58,1 58,3 61,9 66,9 50,4 49,3
137,6 137,6 137,6 137,6 137,6 137,6 137,6 137,6 137,6 137,6 126,6 123,6 116,1 111,1 110,6 101,1 98,6 90,3 86,5 73,9 72,9 72,1 69,3 60,5 58,8 59,1 62,9 68 51,9 50,8
146,2 146,2 146,2 146,2 146,2 146,2 146,2 146,2 146,2 146,2 135 131,7 124 118,6 118,4 109,2 105,7 98,1 94,4 81,4 80,6 79,3 76,5 68,3 67 67,2 70,6 75,1 59,9 58,5
153,5 153,5 153,5 153,5 153,5 153,5 153,5 153,5 153,5 153,5 141 137,6 130,1 124,9 124,6 115,5 111,7 104,6 101,3 86,8 86,2 85,6 83,3 74,5 73,8 74,1 77,3 81,7 66,6 65,2
155,4 155,4 155,4 155,4 155,4 155,4 155,4 155,4 155,4 155,4 145 142,1 133,7 128,4 128,2 120,6 116,3 109,1 104,5 90 89,6 89,3 87,7 78,6 77,1 77,3 81,2 85 70,7 69,4
156,6 156,6 156,6 156,6 156,6 156,6 156,6 156,6 156,6 156,6 146,4 143,1 135 129,4 129,1 121,7 117,4 110 105,5 91,4 91,2 91 88,4 79,1 77,8 78,3 81,8 85,7 71,2 69,9
157,1 157,1 157,1 157,1 157,1 157,1 157,1 157,1 157,1 157,1 146,9 143,6 135,5 129,9 129,6 122,2 117,9 110,5 106,3 93,3 92,2 91,5 88,9 79,9 79,1 79,6 82,3 86,2 72,3 70,2
157,6 157,6 157,6 157,6 157,6 157,6 157,6 157,6 157,6 157,6 147,4 144,1 136,3 130,8 130,3 123,6 118,4 111 106,8 98,1 96,4 93,8 89,4 81,2 80,7 81 84,2 87 76,9 73,1
157,6 157,6 157,6 157,6 157,6 157,6 157,6 157,6 157,6 157,6 147,4 144,1 136,3 130,8 130,3 123,6 118,4 111 106,8 98,1 96,4 93,8 89,4 81,2 80,7 81 84,2 87 76,9 73,1
157,6 157,6 157,6 157,6 157,6 157,6 157,6 157,6 157,6 157,6 147,4 144,1 136,3 130,8 130,3 123,6 118,4 111 106,8 98,1 96,4 93,8 89,4 81,2 80,7 81 84,2 87 76,9 73,1
157,4 157,4 157,4 157,4 157,4 157,4 157,4 157,4 157,4 157,4 147,7 144,8 136,3 131,8 131,6 122,3 118,1 111,2 107,4 93,5 92,6 92,1 89 80,7 79,3 79,9 82,2 87,3 72,8 70,3
162,5 162,5 162,5 162,5 162,5 162,5 162,5 162,5 162,5 162,5 154,4 151,6 143,3 139 138,7 129,8 124,9 118,8 115,2 100,3 99,4 99,3 97,5 88,8 87,3 87,4 91,8 94,3 79,8 78,6
162,5 162,5 162,5 162,5 162,5 162,5 162,5 162,5 162,5 162,5 154,4 151,6 143,3 139 138,7 129,8 124,9 118,8 115,2 100,3 99,4 99,3 97,5 88,8 87,3 87,4 91,8 94,3 79,8 78,6
164,3 164,3 164,3 164,3 164,3 164,3 164,3 164,3 164,3 164,3 156,2 153,4 145,1 140,8 140,5 131,6 126,7 120,6 117 102,1 101,2 101,1 99,3 90,6 89,1 89,2 93,6 96,1 81,6 80,4
164,3 164,3 164,3 164,3 164,3 164,3 164,3 164,3 164,3 164,3 156,2 153,4 145,1 140,8 140,5 131,6 126,7 120,6 117 102,1 101,2 101,1 99,3 90,6 89,1 89,2 93,6 96,1 81,6 80,4
164,3 164,3 164,3 164,3 164,3 164,3 164,3 164,3 164,3 164,3 156,2 153,4 145,1 140,8 140,5 131,6 126,7 120,6 117 102,1 101,2 101,1 99,3 90,6 89,1 89,2 93,6 96,1 81,6 80,4
164,3 164,3 164,3 164,3 164,3 164,3 164,3 164,3 164,3 164,3 156,2 153,4 145,1 140,8 140,5 131,6 126,7 120,6 117 102,1 101,2 101,1 99,3 90,6 89,1 89,2 93,6 96,1 81,6 80,4
164,3 164,3 164,3 164,3 164,3 164,3 164,3 164,3 164,3 164,3 156,2 153,4 145,1 140,8 140,5 131,6 126,7 120,6 117 102,1 101,2 101,1 99,3 90,6 89,1 89,2 93,6 96,1 81,6 80,4
164,3 164,3 164,3 164,3 164,3 164,3 164,3 164,3 164,3 164,3 156,2 153,4 145,1 140,8 140,5 131,6 126,7 120,6 117 102,1 101,2 101,1 99,3 90,6 89,1 89,2 93,6 96,1 81,6 80,4
164,3 164,3 164,3 164,3 164,3 164,3 164,3 164,3 164,3 164,3 156,2 153,4 145,1 140,8 140,5 131,6 126,7 120,6 117 102,1 101,2 101,1 99,3 90,6 89,1 89,2 93,6 96,1 81,6 80,4
164,3 164,3 164,3 164,3 164,3 164,3 164,3 164,3 164,3 164,3 156,2 153,4 145,1 140,8 140,5 131,6 126,7 120,6 117 102,1 101,2 101,1 99,3 90,6 89,1 89,2 93,6 96,1 81,6 80,4
164,3 164,3 164,3 164,3 164,3 164,3 164,3 164,3 164,3 164,3 156,2 153,4 145,1 140,8 140,5 131,6 126,7 120,6 117 102,1 101,2 101,1 99,3 90,6 89,1 89,2 93,6 96,1 81,6 80,4
