13
26,8 7,1
30 14,6 5,1
37,4 18,8 9,9 4,6
43,2 26,8 16,2 9,7 5,8
52,8 37,5 27,2 19,4 13,2 6,9
64,4 46,6 36,8 28,1 21,1 15,7 8,1
71,3 56,8 43,9 37,2 31,9 26,4 14,5 9,5
69,8 55,7 44,8 38,8 32,8 24,5 16,3 8,8 5,5
70,1 58,5 47 39,2 34,2 25,7 17 10,4 6,2 1,5
74,1 63,5 52,2 45,7 40,3 32 23,9 15,9 11,6 6,8 4,6
83 71,5 60,5 51,9 47,4 38,5 30,7 21 16,1 11,7 10,8 5,2
97,8 87,9 77,7 68,1 64,9 54,8 46,2 40,9 37,8 31,1 29,5 22,4 15,9
187 178,3 165,4 158,4 156,9 148,2 137,8 128,1 118,3 122 125,6 127 136 156,1
159,2 150,5 137,6 130,6 129,1 120,4 110 100,3 90,5 94,2 97,8 99,2 108,2 128,3 6,5
146,8 138,1 125,2 118,2 116,7 108 97,6 87,9 78,1 81,8 85,4 86,8 95,8 115,9 19,4 10,9
131,1 122,4 109,5 102,5 101 92,3 81,9 72,2 62,4 66,1 69,7 71,1 80,1 100,2 29,9 16,9 6
114 105,3 92,4 85,4 83,9 75,2 64,8 55,1 45,3 49 52,6 54 63 83,1 46,8 29,4 18,4 10,5
102,2 93,5 80,6 73,6 72,1 63,4 53 43,3 33,5 37,2 40,8 42,2 51,2 71,3 61,4 41,7 30,3 20,2 8,8
117,5 108,8 95,9 88,9 87,4 78,7 68,3 58,6 48,8 52,5 56,1 57,5 66,5 86,6 76,7 57 45,6 35,5 24,1 .
81,8 72,9 60,6 53,3 52,3 43,6 32 22,8 12,8 17,1 19,3 20,7 27,6 48 104,5 76,7 64,3 48,6 31,5 19,7 35
79,9 71,4 58,6 52,3 49,8 41,4 30,5 21,8 12,1 14,7 15 19,2 23,1 41,5 106,6 78,8 66,4 50,7 33,6 21,8 37,1 2
78,2 66,8 57,6 49,6 44,5 36,3 25,6 18,5 8,7 12,6 13,1 17,7 21,9 38 109,1 81,3 68,9 53,2 36,1 24,3 39,6 4,4 2
75,6 63,3 51,1 46,2 40,6 32,6 22,5 15,5 5,9 9,3 9,9 15,8 19,2 37,9 113 85,2 72,8 57,1 40 28,2 43,5 7,9 5,2 2,6
71,4 58,9 47,8 40,6 34,7 27,8 16,6 12,2 2,5 7,1 8 13,3 19,8 38 124,5 96,7 84,3 68,6 51,5 39,7 55 19,7 16,1 11,6 8,1
74,9 62,4 51,3 44,1 38,2 31,3 20,1 15,7 6 10,6 11,5 16,8 23,3 41,5 128 100,2 87,8 72,1 55 43,2 58,5 23,2 19,6 15,1 11,6 3,5
83,8 71,3 60,2 53 47,1 40,2 29 24,6 14,9 19,5 20,4 25,7 32,2 50,4 136,9 109,1 96,7 81 63,9 52,1 67,4 32,1 28,5 24 20,5 12,4 10,7
86,6 74,1 63 55,8 49,9 43 31,8 27,4 17,7 22,3 23,2 28,5 35 53,2 139,7 111,9 99,5 83,8 66,7 54,9 70,2 34,9 31,3 26,8 23,3 15,2 14,3 3,7
92,7 80,2 69,1 61,9 56 49,1 37,9 33,5 23,8 28,4 29,3 34,6 41,1 59,3 145,8 118 105,6 89,9 72,8 61 76,3 41 37,4 32,9 29,4 21,3 19,3 8 4
99,5 87 75,9 68,7 62,8 55,9 44,7 40,3 30,6 35,2 36,1 41,4 47,9 66,1 152,6 124,8 112,4 96,7 79,6 67,8 83,1 47,8 44,2 39,7 36,2 28,1 26,7 15,4 10,7 6,2
99,5 87 75,9 68,7 62,8 55,9 44,7 40,3 30,6 35,2 36,1 41,4 47,9 66,1 152,6 124,8 112,4 96,7 79,6 67,8 83,1 47,8 44,2 39,7 36,2 28,1 26,7 15,4 10,7 6,2 .
81,6 69,4 58,1 51 46,5 38,4 27,6 21,4 11,7 17,2 18,3 22,8 31,3 47,9 133,2 105,4 93 77,3 60,2 48,4 63,7 28,6 25,5 21,6 17,2 11,1 14,6 23,5 26,3 32,4 39,2 39,2
93,5 79 67,9 60,8 57,3 49 38,5 31,2 21,6 24,8 25,2 31,8 38,3 54,4 141,8 114 101,6 85,9 68,8 57 72,3 36,1 33,6 29,2 26,8 19 22,5 31,4 34,2 40,3 47,1 47,1 5,1
99,7 85,2 74,1 67 63,5 55,2 44,7 37,7 28,7 31,1 32,2 38 44,5 60,6 146,9 119,1 106,7 91 73,9 62,1 77,4 42,3 39,8 35,9 33,7 25,4 28,9 37,8 40,6 46,7 53,5 53,5 11,3 6,1
101,7 87 76,8 68,8 67,3 57,6 46,9 42 31,8 36 36,8 42,3 48,4 66,2 149,9 122,1 109,7 94 76,9 65,1 80,4 45,1 42,1 40,8 36,8 29,7 33,2 42,1 44,9 51 57,8 57,8 13,6 8,7 3,1
108 98 88 79,2 79 67,6 56,4 52,8 43,2 44,4 45,4 50,2 57,8 68 156,6 128,8 116,4 100,7 83,6 71,8 87,1 52 49,6 48,2 45 41,7 45,2 54,1 56,9 63 69,8 69,8 25,6 17,9 10 6,3
98 85,5 74,4 67,2 61,3 54,4 43,2 38,8 29,1 33,7 34,6 39,9 46,4 64,6 151,1 123,3 110,9 95,2 78,1 66,3 81,6 46,3 42,7 38,2 34,7 26,6 25,1 13,9 9,5 5,9 11 11 37,7 45,6 52 56,3 68,3
101 88,5 77,4 70,2 64,3 57,4 46,2 41,8 32,1 36,7 37,6 42,9 49,4 67,6 154,1 126,3 113,9 98,2 81,1 69,3 84,6 49,3 45,7 41,2 37,7 29,6 28,1 16,9 12,5 8,9 14 14 40,7 48,6 55 59,3 71,3 2,6
106,7 94,2 83,1 75,9 70 63,1 51,9 47,5 37,8 42,4 43,3 48,6 55,1 73,3 159,8 132 119,6 103,9 86,8 75 90,3 55 51,4 46,9 43,4 35,3 33,8 22,6 18,2 14,6 19,7 19,7 46,4 54,3 60,7 65 77 5,7 3,5
111,9 99,4 88,3 81,1 75,2 68,3 57,1 52,7 43 47,6 48,5 53,8 60,3 78,5 165 137,2 124,8 109,1 92 80,2 95,5 60,2 56,6 52,1 48,6 40,5 39 27,8 23,4 19,8 24,9 24,9 51,6 59,5 65,9 70,2 82,2 10,5 8,3 5
123,3 110,8 99,7 92,5 86,6 79,7 68,5 64,1 54,4 59 59,9 65,2 71,7 89,9 176,4 148,6 136,2 120,5 103,4 91,6 106,9 71,6 68 63,5 60 51,9 50,4 39,2 34,8 31,2 36,3 36,3 63 70,9 77,3 81,6 93,6 18,9 17 15 8,4
