3,7
7,8 2,8
8,8 4,5 1,6
11 6,5 3,5 1,6
12,9 7,7 4,9 3,6 1,8
16 11 7,7 6,1 5 2,6
19,7 15 11,2 9,2 7,7 5,5 2,5
21,6 16,9 13,4 11,8 9,3 7,4 5,2 3,1
21,8 16,7 13,7 12,7 10 7,6 4,8 2,6 1,3
23 18 14,7 13,1 10,8 8,5 5,5 3,5 1,8 0,6
23,9 19 15,6 14,9 12,3 9,4 7,1 5 3,3 2 1,4
26 21,2 18 16,5 13,9 11,4 8,7 6,8 5 3,9 3,2 1,5
29,9 25,5 22,8 21,7 19,7 16,8 13,5 12 10,6 8,9 8,5 6,5 4,4
59 56,1 52,9 51,6 49,5 47 43,4 42,1 38,9 39,4 40,2 41,4 43,6 49
50 47,1 43,9 42,6 40,5 38 34,4 33,1 29,9 30,4 31,2 32,4 34,6 40 2,1
44,6 41,7 38,5 37,2 35,1 32,6 29 27,7 24,5 25 25,8 27 29,2 34,6 6,5 3,1
40,3 37,4 34,2 32,9 30,8 28,3 24,7 23,4 20,2 20,7 21,5 22,7 24,9 30,3 10,4 5,2 1,7
35,4 32,5 29,3 28 25,9 23,4 19,8 18,5 15,3 15,8 16,6 17,8 20 25,4 15,4 9,1 5,1 3,1
31,4 28,5 25,3 24 21,9 19,4 15,8 14,5 11,3 11,8 12,6 13,8 16 21,4 20,6 13,5 9,3 5,7 2,7
35,4 32,5 29,3 28 25,9 23,4 19,8 18,5 15,3 15,8 16,6 17,8 20 25,4 24,6 17,5 13,3 9,7 6,7 .
24,9 21,7 17,9 17,1 15,2 12,7 9,3 7,7 4,4 5,2 5,4 7,5 9,4 14,8 33,8 24,8 19,4 15,1 10,2 6,2 10,2
24,7 20,9 17,7 16,2 14,5 11,9 8,4 7,1 3,9 4,7 4,8 7 9 14,3 34,4 25,4 20 15,7 10,8 6,8 10,8 0,5
24,3 20,2 17 14,7 12,8 10,2 7,5 6,4 3 3,5 4,1 6 7,9 12,8 35,2 26,2 20,8 16,5 11,6 7,6 11,6 1,2 0,7
22,6 18,3 15,6 13,5 11,8 9,3 6,8 5,1 1,8 2,6 3,2 4,8 6,3 11,7 36,4 27,4 22 17,7 12,8 8,8 12,8 2,3 1,7 0,9
22,7 18 15,7 13,7 11,3 8,4 5,3 3,8 0,7 2,6 3,1 4,5 6,6 11,2 40,4 31,4 26 21,7 16,8 12,8 16,8 5,6 5,1 4,1 3,2
23,7 19 16,7 14,7 12,3 9,4 6,3 4,8 1,7 3,6 4,1 5,5 7,6 12,2 41,4 32,4 27 22,7 17,8 13,8 17,8 6,6 6,1 5,1 4,2 1
26,8 22,1 19,8 17,8 15,4 12,5 9,4 7,9 4,8 6,7 7,2 8,6 10,7 15,3 44,5 35,5 30,1 25,8 20,9 16,9 20,9 9,7 9,2 8,2 7,3 4,1 3,4
27,8 23,1 20,8 18,8 16,4 13,5 10,4 8,9 5,8 7,7 8,2 9,6 11,7 16,3 45,5 36,5 31,1 26,8 21,9 17,9 21,9 10,7 10,2 9,2 8,3 5,1 4,5 1,3
30,5 25,8 23,5 21,5 19,1 16,2 13,1 11,6 8,5 10,4 10,9 12,3 14,4 19 48,2 39,2 33,8 29,5 24,6 20,6 24,6 13,4 12,9 11,9 11 7,8 6,3 2,5 1,3
32,9 28,2 25,9 23,9 21,5 18,6 15,5 14 10,9 12,8 13,3 14,7 16,8 21,4 50,6 41,6 36,2 31,9 27 23 27 15,8 15,3 14,3 13,4 10,2 9,3 4,6 3,4 2,2
32,9 28,2 25,9 23,9 21,5 18,6 15,5 14 10,9 12,8 13,3 14,7 16,8 21,4 50,6 41,6 36,2 31,9 27 23 27 15,8 15,3 14,3 13,4 10,2 9,3 4,6 3,4 2,2 .
25,2 20,8 16,8 15,3 14,2 12,2 7,8 7,4 4,3 5 5,9 6,9 9 13,9 41,3 32,3 26,9 22,6 17,7 13,7 17,7 7,3 7,1 6,4 5,3 4 5 8,1 9,1 11,8 14,2 14,2
28,5 24,1 20,4 19 17,3 15,2 11,3 9,8 6,7 8,1 8,8 10,2 11,7 17,4 44,8 35,8 30,4 26,1 21,2 17,2 21,2 10,5 10,2 8,9 7,9 6,6 7,6 10,7 11,7 14,4 16,8 16,8 1,6
30,5 26,1 22,4 21 19,3 17,2 13,3 11,8 8,7 10,1 10,8 12,6 13,7 19,4 46,4 37,4 32 27,7 22,8 18,8 22,8 12,5 12,2 10,9 9,9 8,6 9,6 12,7 13,7 16,4 18,8 18,8 3,8 2,4
31,1 27,3 23,3 21,8 20,8 18,1 14,5 13 9,8 11,1 11,4 13,5 15,2 19,5 47,4 38,4 33 28,7 23,8 19,8 23,8 13,5 13,1 13 11,5 8,8 9,8 12,9 13,9 16,6 19 19 5,1 2,5 0,9
32,3 28,9 25,8 24,5 23,5 20,8 16,2 16 13,4 13,9 14,7 15,7 17,9 19,7 48,8 39,8 34,4 30,1 25,2 21,2 25,2 14,9 14,7 14,5 13,8 12,6 13,6 16,7 17,7 20,4 22,8 22,8 7,4 5,3 2,9 2,2
32,2 27,5 25,2 23,2 20,8 17,9 14,8 13,3 10,2 12,1 12,6 14 16,1 20,7 49,9 40,9 35,5 31,2 26,3 22,3 26,3 15,1 14,6 13,6 12,7 9,5 8,2 4,9 3 1,9 4,1 4,1 13,5 16,1 18,1 18,3 22,1
33,2 28,5 26,2 24,2 21,8 18,9 15,8 14,3 11,2 13,1 13,6 15 17,1 21,7 50,9 41,9 36,5 32,2 27,3 23,3 27,3 16,1 15,6 14,6 13,7 10,5 9,2 5,9 4 2,9 5,1 5,1 14,5 17,1 19,1 19,3 23,1 0,8
34,6 29,9 27,6 25,6 23,2 20,3 17,2 15,7 12,6 14,5 15 16,4 18,5 23,1 52,3 43,3 37,9 33,6 28,7 24,7 28,7 17,5 17 16 15,1 11,9 10,6 7,3 5,4 4,3 6,5 6,5 15,9 18,5 20,5 20,7 24,5 1,6 1
36,8 32,1 29,8 27,8 25,4 22,5 19,4 17,9 14,8 16,7 17,2 18,6 20,7 25,3 54,5 45,5 40,1 35,8 30,9 26,9 30,9 19,7 19,2 18,2 17,3 14,1 12,8 9,5 7,6 6,5 8,7 8,7 18,1 20,7 22,7 22,9 26,7 3,2 2,4 1,5
40,6 35,9 33,6 31,6 29,2 26,3 23,2 21,7 18,6 20,5 21 22,4 24,5 29,1 58,3 49,3 43,9 39,6 34,7 30,7 34,7 23,5 23 22 21,1 17,9 16,6 13,3 11,4 10,3 12,5 12,5 21,9 24,5 26,5 26,7 30,5 6,7 5,5 4,7 2,3
