5,7
11,6 5
13,5 7,2 3,1
17 10 5,5 2,4
20,4 12,4 8,1 4,8 2,6
24,6 17,6 13,8 9,5 6,7 4
30,6 22,8 18,4 13,6 11,1 8,3 3,9
32,8 25,1 20,4 18,4 13,2 10,6 7,9 4,8
33,4 26,1 22,4 19,2 14,9 11,9 7,5 4,1 2,3
35,2 27,6 23,1 19,7 15,9 12,6 8,5 5,2 3,1 0,9
37 29,9 26,2 23,1 18,9 15,6 11,5 7,2 4,8 2,8 2,4
40,9 33,2 28,9 25,2 21,5 18 13,7 10,1 7,7 5,8 4,7 2,5
49,1 42,3 37,2 34,5 30 26,5 23 18,2 17,4 14 13,2 10,6 7,6
94,8 89,4 85,3 81,6 78,6 74,8 70,5 67 62,2 63,7 63,9 66 68,9 78,6
80,9 75,5 71,4 67,7 64,7 60,9 56,6 53,1 48,3 49,8 50 52,1 55 64,7 4
72,1 66,7 62,6 58,9 55,9 52,1 47,8 44,3 39,5 41 41,2 43,3 46,2 55,9 11,1 5,9
65,6 60,2 56,1 52,4 49,4 45,6 41,3 37,8 33 34,5 34,7 36,8 39,7 49,4 18,1 9,4 3
57,4 52 47,9 44,2 41,2 37,4 33,1 29,6 24,8 26,3 26,5 28,6 31,5 41,2 26,1 15,9 9,5 5,9
51,1 45,7 41,6 37,9 34,9 31,1 26,8 23,3 18,5 20 20,2 22,3 25,2 34,9 34,2 22,5 15,5 10,5 4,7
58,8 53,4 49,3 45,6 42,6 38,8 34,5 31 26,2 27,7 27,9 30 32,9 42,6 41,9 30,2 23,2 18,2 12,4 .
40 33,7 29,6 26,9 23,6 19,6 16 12,1 7,4 8,5 8,8 11,5 13,9 23,1 54,2 40,3 31,5 25 16,8 10,5 18,2
38,8 32,8 28,9 26 22,6 18,8 14,8 11,3 6,4 7,8 8,1 10,5 11,9 21,9 55,3 41,4 32,6 26,1 17,9 11,6 19,3 1
38,2 31,8 26,6 24,3 20,2 16,9 12,6 9,2 4,3 5,8 6,6 8,8 11,2 19,3 56,5 42,6 33,8 27,3 19,1 12,8 20,5 2,2 1
36,2 29,6 25,7 22,2 18,6 14,9 11,2 7,6 2,7 4,6 5,1 7,7 9,8 19,2 57,8 43,9 35,1 28,6 20,4 14,1 21,8 3,2 2,4 1,7
35 26,9 23,1 19,6 16,5 13,5 8,1 6,9 2 4,2 4,8 6,9 9,5 17,9 63,7 49,8 41 34,5 26,3 20 27,7 9 7,9 6,2 4,9
36,7 28,6 24,8 21,3 18,2 15,2 9,8 8,6 3,7 5,9 6,5 8,6 11,2 19,6 65,4 51,5 42,7 36,2 28 21,7 29,4 10,7 9,6 7,9 6,6 1,7
41 32,9 29,1 25,6 22,5 19,5 14,1 12,9 8 10,2 10,8 12,9 15,5 23,9 69,7 55,8 47 40,5 32,3 26 33,7 15 13,9 12,2 10,9 6 5,1
42,9 34,8 31 27,5 24,4 21,4 16 14,8 9,9 12,1 12,7 14,8 17,4 25,8 71,6 57,7 48,9 42,4 34,2 27,9 35,6 16,9 15,8 14,1 12,8 7,9 7 1,8
46,6 38,5 34,7 31,2 28,1 25,1 19,7 18,5 13,6 15,8 16,4 18,5 21,1 29,5 75,3 61,4 52,6 46,1 37,9 31,6 39,3 20,6 19,5 17,8 16,5 11,6 9,7 3,8 1,8
50,4 42,3 38,5 35 31,9 28,9 23,5 22,3 17,4 19,6 20,2 22,3 24,9 33,3 79,1 65,2 56,4 49,9 41,7 35,4 43,1 24,4 23,3 21,6 20,3 15,4 14,6 7,7 5,6 3,3
50,4 42,3 38,5 35 31,9 28,9 23,5 22,3 17,4 19,6 20,2 22,3 24,9 33,3 79,1 65,2 56,4 49,9 41,7 35,4 43,1 24,4 23,3 21,6 20,3 15,4 14,6 7,7 5,6 3,3 .
40 33,1 28,4 25,8 22,1 19,2 13,4 11 6 8,5 9,6 11,8 15 23,1 67,2 53,3 44,5 38 29,8 23,5 31,2 12,7 12,4 9,6 8,8 5,7 7,4 11,7 13,6 17,3 21,1 21,1
44,1 37,4 33,3 30,2 26,6 23 18,1 15,4 10,5 12,1 13 16,1 18,6 28 72,2 58,3 49,5 43 34,8 28,5 36,2 17,2 16,2 14,2 13,1 9,1 10,8 15,1 17 20,7 24,5 24,5 2,3
47,1 40,4 36,3 33,2 29,6 26 21,1 18,4 13,5 15,1 16,4 19,1 21,6 31 74,5 60,6 51,8 45,3 37,1 30,8 38,5 20,2 19,2 17,3 16,4 12,4 14,1 18,4 20,3 24 27,8 27,8 5,3 3,2
48,2 42,1 37,7 34,5 31,5 27,8 23 20,4 15,5 17,3 18,3 20,5 23,9 31,6 76 62,1 53,3 46,8 38,6 32,3 40 21,7 20,5 18,8 18 14,7 16,4 20,7 22,6 26,3 30,1 30,1 6,8 4,1 1,4
50,1 45 42,5 38,5 36,2 32,5 26,7 24,7 20,2 22,6 22,9 26,2 28,7 33,2 79,3 65,4 56,6 50,1 41,9 35,6 43,3 25 24,1 23,2 22,6 18,5 20,2 24,5 26,4 30,1 33,9 33,9 11,3 8 5,2 4,1
50,1 42 38,2 34,7 31,6 28,6 23,2 22 17,1 19,3 19,9 22 24,6 33 78,8 64,9 56,1 49,6 41,4 35,1 42,8 24,1 23 21,3 20 15,1 13 7,6 5,4 3,3 6,3 6,3 20,8 24,2 27,5 29,8 33,6
51,3 43,2 39,4 35,9 32,8 29,8 24,4 23,2 18,3 20,5 21,1 23,2 25,8 34,2 80 66,1 57,3 50,8 42,6 36,3 44 25,3 24,2 22,5 21,2 16,3 14,2 8,8 6,6 4,5 7,5 7,5 22 25,4 28,7 31 34,8 1,1
53,8 45,7 41,9 38,4 35,3 32,3 26,9 25,7 20,8 23 23,6 25,7 28,3 36,7 82,5 68,6 59,8 53,3 45,1 38,8 46,5 27,8 26,7 25 23,7 18,8 16,7 11,3 9,1 7 10 10 24,5 27,9 31,2 33,5 37,3 2,3 2,1
56,2 48,1 44,3 40,8 37,7 34,7 29,3 28,1 23,2 25,4 26 28,1 30,7 39,1 84,9 71 62,2 55,7 47,5 41,2 48,9 30,2 29,1 27,4 26,1 21,2 19,1 13,7 11,5 9,4 12,4 12,4 26,9 30,3 33,6 35,9 39,7 4,6 3,4 2,7
62,1 54 50,2 46,7 43,6 40,6 35,2 34 29,1 31,3 31,9 34 36,6 45 90,8 76,9 68,1 61,6 53,4 47,1 54,8 36,1 35 33,3 32 27,1 25 19,6 17,4 15,3 18,3 18,3 32,8 36,2 39,5 41,8 45,6 9,1 8,3 8,2 4,3
