9,9
18,1 5,7
21,3 11,6 3,7
27,1 16,1 8,1 3,8
30,3 19,4 13,9 7,3 4,8
37,7 27,3 21,1 16,6 11,5 5,9
48,3 34,5 29,2 24 17,6 12,8 6,3
51,2 37,3 34,6 27,8 26 19,5 12 7,5
50,8 41,5 33,9 29,6 25,1 19,1 12,1 6,7 3,8
55,7 44,6 36,5 31 26,1 20,2 12,9 8,4 4,6 1,4
57,5 48 38,9 36,5 31,3 25,6 18,6 11,7 8,4 4,6 3,4
64,9 53,9 46,5 42,5 35,7 30,7 22,8 16,2 12,9 9,3 7,9 3,9
78,8 70 61,5 55,4 51 45,5 36,5 31,4 27,4 24,1 21,7 18,5 12,2
138 129 122,5 118,1 115,3 109,5 100,9 96,1 88,3 91,1 91,2 95,7 100,4 114,3
119,1 110,1 103,6 99,2 96,4 90,6 82 77,2 69,4 72,2 72,3 76,8 81,5 95,4 5
109,1 100,1 93,6 89,2 86,4 80,6 72 67,2 59,4 62,2 62,3 66,8 71,5 85,4 15,1 8,2
98 89 82,5 78,1 75,3 69,5 60,9 56,1 48,3 51,1 51,2 55,7 60,4 74,3 22,4 13,3 4,7
85,5 76,5 70 65,6 62,8 57 48,4 43,6 35,8 38,6 38,7 43,2 47,9 61,8 35,4 22,4 14,9 8,1
77 68 61,5 57,1 54,3 48,5 39,9 35,1 27,3 30,1 30,2 34,7 39,4 53,3 46,4 31,8 22,9 15,7 6,4
88,8 79,8 73,3 68,9 66,1 60,3 51,7 46,9 39,1 41,9 42 46,5 51,2 65,1 58,2 43,6 34,7 27,5 18,2 .
62,1 52,3 45,9 42,1 39 33,6 24,5 19,9 11,4 14,3 14,7 18,2 23,8 35,9 75,8 56,9 46,9 35,8 23,3 14,8 26,6
61,8 52,1 45,7 40,2 38 33,5 22,8 16,8 8,4 11,1 11,9 17,1 21 35,4 77,3 58,4 48,4 37,3 24,8 16,3 28,1 1,4
60,5 51,8 44,1 40,1 33,9 28,5 19 14,2 6,1 9,2 9,9 14,3 19,9 33,2 78,9 60 50 38,9 26,4 17,9 29,7 2,8 1,8
58,1 45,6 40,3 35,6 31,8 26,5 17,1 12,1 4,4 7,4 8,6 12,3 16,1 30,4 80,8 61,9 51,9 40,8 28,3 19,8 31,6 4,6 3,6 2,1
54,9 43,1 36,5 30,4 27,6 20,9 14,4 10 2,2 5,1 6,7 11,6 15,5 29,5 90,1 71,2 61,2 50,1 37,6 29,1 40,9 13,7 11,4 9 6,8
57,4 45,6 39 32,9 30,1 23,4 16,9 12,5 4,7 7,6 9,2 14,1 18 32 92,6 73,7 63,7 52,6 40,1 31,6 43,4 16,2 13,9 11,5 9,3 2,5
63,9 52,1 45,5 39,4 36,6 29,9 23,4 19 11,2 14,1 15,7 20,6 24,5 38,5 99,1 80,2 70,2 59,1 46,6 38,1 49,9 22,7 20,4 18 15,8 9 7,9
66,9 55,1 48,5 42,4 39,6 32,9 26,4 22 14,2 17,1 18,7 23,6 27,5 41,5 102,1 83,2 73,2 62,1 49,6 41,1 52,9 25,7 23,4 21 18,8 12 11,3 2,8
71,3 59,5 52,9 46,8 44 37,3 30,8 26,4 18,6 21,5 23,1 28 31,9 45,9 106,5 87,6 77,6 66,5 54 45,5 57,3 30,1 27,8 25,4 23,2 16,4 14,5 5,8 2,8
77,7 65,9 59,3 53,2 50,4 43,7 37,2 32,8 25 27,9 29,5 34,4 38,3 52,3 112,9 94 84 72,9 60,4 51,9 63,7 36,5 34,2 31,8 29,6 22,8 19,8 11,7 8,2 4,8
77,7 65,9 59,3 53,2 50,4 43,7 37,2 32,8 25 27,9 29,5 34,4 38,3 52,3 112,9 94 84 72,9 60,4 51,9 63,7 36,5 34,2 31,8 29,6 22,8 19,8 11,7 8,2 4,8 .
57,6 49,7 42,9 38,8 35,8 29,8 21,3 17,5 9,5 13,8 14,7 19,3 23,9 36,8 97,3 78,4 68,4 57,3 44,8 36,3 48,1 21,1 20,2 16,9 14,1 8,5 11 17,5 20,5 24,9 31,3 31,3
66,4 57,8 51,2 45,3 43,2 36,8 28,6 24,4 16,4 19,8 21,4 26,3 31,3 44,9 103,8 84,9 74,9 63,8 51,3 42,8 54,6 27,2 25,7 22,2 21 15,3 17,8 24,3 27,3 31,7 38,1 38,1 3,9
71,2 62,6 56,3 50,4 48,1 41,6 33,6 29,3 21,2 25,2 27,2 32 36,4 49,7 107,8 88,9 78,9 67,8 55,3 46,8 58,6 31,9 30,8 27 26,2 20,1 22,6 29,1 32,1 36,5 42,9 42,9 9 4,8
74,1 65,1 59,1 52,1 51,7 44,7 36,6 33 24,2 28,8 30,6 34,8 39,8 52,2 110,5 91,6 81,6 70,5 58 49,5 61,3 34,4 33,5 31,9 29,2 22,9 25,4 31,9 34,9 39,3 45,7 45,7 11,4 7,2 2,5
74,7 68,5 61,8 55,2 54,3 47,8 38,5 37,2 28,7 36,4 36,9 42,9 47,2 52,7 114,6 95,7 85,7 74,6 62,1 53,6 65,4 38,7 36,5 36,2 36 31,5 34 40,5 43,5 47,9 54,3 54,3 18,9 13,6 7,8 5,3
75,1 63,3 56,7 50,6 47,8 41,1 34,6 30,2 22,4 25,3 26,9 31,8 35,7 49,7 110,3 91,4 81,4 70,3 57,8 49,3 61,1 33,9 31,6 29,2 27 20,2 17,8 10,1 6,6 3,8 8,1 8,1 28,7 35,5 40,3 43,1 51,7
77,9 66,1 59,5 53,4 50,6 43,9 37,4 33 25,2 28,1 29,7 34,6 38,5 52,5 113,1 94,2 84,2 73,1 60,6 52,1 63,9 36,7 34,4 32 29,8 23 20,6 12,9 9,4 6,6 10,9 10,9 31,5 38,3 43,1 45,9 54,5 1,8
82,5 70,7 64,1 58 55,2 48,5 42 37,6 29,8 32,7 34,3 39,2 43,1 57,1 117,7 98,8 88,8 77,7 65,2 56,7 68,5 41,3 39 36,6 34,4 27,6 25,2 17,5 14 11,2 15,5 15,5 36,1 42,9 47,7 50,5 59,1 4 2,6
86,1 74,3 67,7 61,6 58,8 52,1 45,6 41,2 33,4 36,3 37,9 42,8 46,7 60,7 121,3 102,4 92,4 81,3 68,8 60,3 72,1 44,9 42,6 40,2 38 31,2 28,8 21,1 17,6 14,8 19,1 19,1 39,7 46,5 51,3 54,1 62,7 7,3 5,3 3,5
93,8 82 75,4 69,3 66,5 59,8 53,3 48,9 41,1 44 45,6 50,5 54,4 68,4 129 110,1 100,1 89 76,5 68 79,8 52,6 50,3 47,9 45,7 38,9 36,5 28,8 25,3 22,5 26,8 26,8 47,4 54,2 59 61,8 70,4 14,7 12,9 11,6 6,8
