0
. .
. . .
1,7 . 1,7 1,7
4 . 4 4 1,6
18 . 18 18 15,1 12,8
18 . 18 18 15,1 12,8 0
18 . 18 18 15,1 12,8 0 0
18 . 18 18 15,1 12,8 0 0 0
. . . . . . 2,8 2,8 2,8 2,8
18 . 18 18 15,1 12,8 . . . . .
12,9 . 12,9 12,9 10,2 8,3 . . . . . .
11,7 . 11,7 11,7 8,9 6,3 4,7 4,7 4,7 4,7 . 4,7 1,2
7,1 . 7,1 7,1 4,3 2,1 9 9 9 9 . 9 5,6 3,9
6,1 . 6,1 6,1 3,9 2,3 12,3 12,3 12,3 12,3 . 12,3 7,8 6,2 1,5
9,7 . 9,7 9,7 7,5 5,7 16 16 16 16 . 16 11,5 10,5 5,3 2,8
12 . 12 12 11,3 8,1 19,4 19,4 19,4 19,4 . 19,4 14 12,9 7,7 5,2 2
14,5 . 14,5 14,5 13 11,1 22,2 22,2 22,2 22,2 . 22,2 17 16 10,4 7,8 4,3 1,6
15,4 . 15,4 15,4 13,9 11,9 22,7 22,7 22,7 22,7 . 22,7 17,4 16,4 11,7 9,2 5,6 2,9 1,3
17,2 . 17,2 17,2 17 16,8 25,2 25,2 25,2 25,2 . 25,2 22 21,3 16,2 13,5 9,5 6,1 4,5 3,3
17,2 . 17,2 17,2 17 16,8 25,2 25,2 25,2 25,2 . 25,2 22 21,3 16,2 13,5 9,5 6,1 4,5 3,3 .
17,2 . 17,2 17,2 17 16,8 25,2 25,2 25,2 25,2 . 25,2 22 21,3 16,2 13,5 9,5 6,1 4,5 3,3 . .
