139,9 137,2 135,8 131,2 126,5 124,3 119,8 115,5 112,2
139,9 137,2 135,8 131,2 126,5 124,3 119,8 115,5 112,2
143,7 141 139,6 135 130,3 128,1 123,6 119,3 116
146,3 143,6 142,2 137,6 132,9 130,7 126,2 121,9 118,6
149,7 147 145,6 141 136,3 134,1 129,6 125,3 122
153,7 151 149,6 145 140,3 138,1 133,6 129,3 126
153,7 151 149,6 145 140,3 138,1 133,6 129,3 126
156,6 153,9 152,5 147,9 143,2 141 136,5 132,2 128,9
160,7 158 156,6 152 147,3 145,1 140,6 136,3 133
150,6 147,9 146,5 141,9 137,2 135 130,5 126,2 122,9
147,4 144,7 143,3 138,7 134 131,8 127,3 123 119,7
143,5 140,8 139,4 134,8 130,1 127,9 123,4 119,1 115,8
142,8 140,1 138,7 134,1 129,4 127,2 122,7 118,4 115,1
140,6 137,9 136,5 131,9 127,2 125 120,5 116,2 112,9
137 134,3 132,9 128,3 123,6 121,4 116,9 112,6 109,3
134,5 131,8 130,4 125,8 121,1 118,9 114,4 110,1 106,8
135,9 133,2 131,8 127,2 122,5 120,3 115,8 111,5 108,2
139,4 136,7 135,3 130,7 126 123,8 119,3 115 111,7
145 142,3 140,9 136,3 131,6 129,4 124,9 120,6 117,3
142,6 139,9 138,5 133,9 129,2 127 122,5 118,2 114,9
139,7 137 135,6 131 126,3 124,1 119,6 115,3 112
141,8 139,1 137,7 133,1 128,4 126,2 121,7 117,4 114,1
145,5 142,8 141,4 136,8 132,1 129,9 125,4 121,1 117,8
147,4 144,7 143,3 138,7 134 131,8 127,3 123 119,7
150,7 148 146,6 142 137,3 135,1 130,6 126,3 123
151,3 148,6 147,2 142,6 137,9 135,7 131,2 126,9 123,6
152,4 149,7 148,3 143,7 139 136,8 132,3 128 124,7
156 153,3 151,9 147,3 142,6 140,4 135,9 131,6 128,3
158,3 155,6 154,2 149,6 144,9 142,7 138,2 133,9 130,6
165,5 162,8 161,4 156,8 152,1 149,9 145,4 141,1 137,8
143,2 140,5 139,1 134,5 129,8 127,6 123,1 118,8 115,5
143,5 140,8 139,4 134,8 130,1 127,9 123,4 119,1 115,8
145,5 142,8 141,4 136,8 132,1 129,9 125,4 121,1 117,8
149,9 147,2 145,8 141,2 136,5 134,3 129,8 125,5 122,2
151,3 148,6 147,2 142,6 137,9 135,7 131,2 126,9 123,6
153 150,3 148,9 144,3 139,6 137,4 132,9 128,6 125,3
154,5 151,8 150,4 145,8 141,1 138,9 134,4 130,1 126,8
156,5 153,8 152,4 147,8 143,1 140,9 136,4 132,1 128,8
158,8 156,1 154,7 150,1 145,4 143,2 138,7 134,4 131,1
149,5 146,8 145,4 140,8 136,1 133,9 129,4 125,1 121,8
149,8 147,1 145,7 141,1 136,4 134,2 129,7 125,4 122,1
149,8 147,1 145,7 141,1 136,4 134,2 129,7 125,4 122,1
156,2 153,5 152,1 147,5 142,8 140,6 136,1 131,8 128,5
153,4 150,7 149,3 144,7 140 137,8 133,3 129 125,7
153,5 150,8 149,4 144,8 140,1 137,9 133,4 129,1 125,8
155,7 153 151,6 147 142,3 140,1 135,6 131,3 128
163,3 160,6 159,2 154,6 149,9 147,7 143,2 138,9 135,6
164,3 161,6 160,2 155,6 150,9 148,7 144,2 139,9 136,6
171,1 168,4 167 162,4 157,7 155,5 151 146,7 143,4
173,6 170,9 169,5 164,9 160,2 158 153,5 149,2 145,9
181,1 178,4 177 172,4 167,7 165,5 161 156,7 153,4
163,4 160,7 159,3 154,7 150 147,8 143,3 139 135,7
166,2 163,5 162,1 157,5 152,8 150,6 146,1 141,8 138,5
158,1 155,4 154 149,4 144,7 142,5 138 133,7 130,4
159,5 156,8 155,4 150,8 146,1 143,9 139,4 135,1 131,8
161,5 158,8 157,4 152,8 148,1 145,9 141,4 137,1 133,8
161,5 158,8 157,4 152,8 148,1 145,9 141,4 137,1 133,8
163,6 160,9 159,5 154,9 150,2 148 143,5 139,2 135,9
165,6 162,9 161,5 156,9 152,2 150 145,5 141,2 137,9
164,8 162,1 160,7 156,1 151,4 149,2 144,7 140,4 137,1
167,9 165,2 163,8 159,2 154,5 152,3 147,8 143,5 140,2
