0
. .
. . .
2,5 . 2,5 2,5
5 . 5 5 2,3
26,3 . 26,3 26,3 20,4 18,4
26,3 . 26,3 26,3 20,4 18,4 0
26,3 . 26,3 26,3 20,4 18,4 0 0
26,3 . 26,3 26,3 20,4 18,4 0 0 0
. . . . . . 5,1 5,1 5,1 5,1
26,3 . 26,3 26,3 20,4 18,4 . . . . .
19,3 . 19,3 19,3 14,7 11,8 . . . . . .
16,6 . 16,6 16,6 11,9 9,5 7 7 7 7 . 7 2,2
9,5 . 9,5 9,5 5,7 2,9 13 13 13 13 . 13 7,9 5,3
8,9 . 8,9 8,9 5,4 3,1 18,1 18,1 18,1 18,1 . 18,1 11,1 8,6 2,3
13,6 . 13,6 13,6 11,3 8,4 24,1 24,1 24,1 24,1 . 24,1 17,1 14,4 7,4 4,3
17,3 . 17,3 17,3 15 11 28,3 28,3 28,3 28,3 . 28,3 21,1 18 11,1 8 2,8
20,9 . 20,9 20,9 19 16,3 32,6 32,6 32,6 32,6 . 32,6 25,8 22,4 15,5 11,6 6 2,7
22,5 . 22,5 22,5 19,6 17 33,4 33,4 33,4 33,4 . 33,4 25,5 23,4 16 12,6 8,2 4,3 2
25,4 . 25,4 25,4 25,2 22,5 36,8 36,8 36,8 36,8 . 36,8 31,1 28,7 22,3 18,8 13 8,3 6,3 4,1
25,4 . 25,4 25,4 25,2 22,5 36,8 36,8 36,8 36,8 . 36,8 31,1 28,7 22,3 18,8 13 8,3 6,3 4,1 .
25,4 . 25,4 25,4 25,2 22,5 36,8 36,8 36,8 36,8 . 36,8 31,1 28,7 22,3 18,8 13 8,3 6,3 4,1 . .
