31,8 30,4 30 28,4 26,7 25,3 24 22,3 20,9
33,8 32,4 32 30,4 28,7 27,3 26 24,3 22,9
35,5 34,1 33,7 32,1 30,4 29 27,7 26 24,6
38,2 36,8 36,4 34,8 33,1 31,7 30,4 28,7 27,3
36 34,6 34,2 32,6 30,9 29,5 28,2 26,5 25,1
38,4 37 36,6 35 33,3 31,9 30,6 28,9 27,5
38,8 37,4 37 35,4 33,7 32,3 31 29,3 27,9
41,2 39,8 39,4 37,8 36,1 34,7 33,4 31,7 30,3
41,9 40,5 40,1 38,5 36,8 35,4 34,1 32,4 31
44,3 42,9 42,5 40,9 39,2 37,8 36,5 34,8 33,4
43,2 41,8 41,4 39,8 38,1 36,7 35,4 33,7 32,3
42,7 41,3 40,9 39,3 37,6 36,2 34,9 33,2 31,8
42,7 41,3 40,9 39,3 37,6 36,2 34,9 33,2 31,8
40,5 39,1 38,7 37,1 35,4 34 32,7 31 29,6
41,5 40,1 39,7 38,1 36,4 35 33,7 32 30,6
43 41,6 41,2 39,6 37,9 36,5 35,2 33,5 32,1
43 41,6 41,2 39,6 37,9 36,5 35,2 33,5 32,1
44,5 43,1 42,7 41,1 39,4 38 36,7 35 33,6
45,9 44,5 44,1 42,5 40,8 39,4 38,1 36,4 35
47 45,6 45,2 43,6 41,9 40,5 39,2 37,5 36,1
48,9 47,5 47,1 45,5 43,8 42,4 41,1 39,4 38
50,9 49,5 49,1 47,5 45,8 44,4 43,1 41,4 40
51,5 50,1 49,7 48,1 46,4 45 43,7 42 40,6
52,8 51,4 51 49,4 47,7 46,3 45 43,3 41,9
52,8 51,4 51 49,4 47,7 46,3 45 43,3 41,9
52,8 51,4 51 49,4 47,7 46,3 45 43,3 41,9
54 52,6 52,2 50,6 48,9 47,5 46,2 44,5 43,1
55,7 54,3 53,9 52,3 50,6 49,2 47,9 46,2 44,8
56,2 54,8 54,4 52,8 51,1 49,7 48,4 46,7 45,3
57 55,6 55,2 53,6 51,9 50,5 49,2 47,5 46,1
58 56,6 56,2 54,6 52,9 51,5 50,2 48,5 47,1
58,3 56,9 56,5 54,9 53,2 51,8 50,5 48,8 47,4
60 58,6 58,2 56,6 54,9 53,5 52,2 50,5 49,1
44,3 42,9 42,5 40,9 39,2 37,8 36,5 34,8 33,4
47,5 46,1 45,7 44,1 42,4 41 39,7 38 36,6
46,2 44,8 44,4 42,8 41,1 39,7 38,4 36,7 35,3
45,3 43,9 43,5 41,9 40,2 38,8 37,5 35,8 34,4
45,3 43,9 43,5 41,9 40,2 38,8 37,5 35,8 34,4
43,3 41,9 41,5 39,9 38,2 36,8 35,5 33,8 32,4
43,3 41,9 41,5 39,9 38,2 36,8 35,5 33,8 32,4
43,4 42 41,6 40 38,3 36,9 35,6 33,9 32,5
45,3 43,9 43,5 41,9 40,2 38,8 37,5 35,8 34,4
45,7 44,3 43,9 42,3 40,6 39,2 37,9 36,2 34,8
47 45,6 45,2 43,6 41,9 40,5 39,2 37,5 36,1
47,9 46,5 46,1 44,5 42,8 41,4 40,1 38,4 37
49 47,6 47,2 45,6 43,9 42,5 41,2 39,5 38,1
46,6 45,2 44,8 43,2 41,5 40,1 38,8 37,1 35,7
47,5 46,1 45,7 44,1 42,4 41 39,7 38 36,6
48,3 46,9 46,5 44,9 43,2 41,8 40,5 38,8 37,4
49,6 48,2 47,8 46,2 44,5 43,1 41,8 40,1 38,7
49,8 48,4 48 46,4 44,7 43,3 42 40,3 38,9
51,1 49,7 49,3 47,7 46 44,6 43,3 41,6 40,2
51,6 50,2 49,8 48,2 46,5 45,1 43,8 42,1 40,7
54 52,6 52,2 50,6 48,9 47,5 46,2 44,5 43,1
53,8 52,4 52 50,4 48,7 47,3 46 44,3 42,9
54,5 53,1 52,7 51,1 49,4 48 46,7 45 43,6
55 53,6 53,2 51,6 49,9 48,5 47,2 45,5 44,1
56 54,6 54,2 52,6 50,9 49,5 48,2 46,5 45,1
57,3 55,9 55,5 53,9 52,2 50,8 49,5 47,8 46,4
58,5 57,1 56,7 55,1 53,4 52 50,7 49 47,6
60,1 58,7 58,3 56,7 55 53,6 52,3 50,6 49,2
52,2 50,8 50,4 48,8 47,1 45,7 44,4 42,7 41,3
