90,9 89,2 88,4 85,5 82,6 80,4 77,6 75 72,7
90,9 89,2 88,4 85,5 82,6 80,4 77,6 75 72,7
93,2 91,5 90,7 87,8 84,9 82,7 79,9 77,3 75
94,8 93,1 92,3 89,4 86,5 84,3 81,5 78,9 76,6
97,3 95,6 94,8 91,9 89 86,8 84 81,4 79,1
100 98,3 97,5 94,6 91,7 89,5 86,7 84,1 81,8
100 98,3 97,5 94,6 91,7 89,5 86,7 84,1 81,8
101,4 99,7 98,9 96 93,1 90,9 88,1 85,5 83,2
105,3 103,6 102,8 99,9 97 94,8 92 89,4 87,1
98,5 96,8 96 93,1 90,2 88 85,2 82,6 80,3
96,2 94,5 93,7 90,8 87,9 85,7 82,9 80,3 78
93,5 91,8 91 88,1 85,2 83 80,2 77,6 75,3
92,9 91,2 90,4 87,5 84,6 82,4 79,6 77 74,7
91,4 89,7 88,9 86 83,1 80,9 78,1 75,5 73,2
89,7 88 87,2 84,3 81,4 79,2 76,4 73,8 71,5
88 86,3 85,5 82,6 79,7 77,5 74,7 72,1 69,8
88,8 87,1 86,3 83,4 80,5 78,3 75,5 72,9 70,6
91,3 89,6 88,8 85,9 83 80,8 78 75,4 73,1
94,2 92,5 91,7 88,8 85,9 83,7 80,9 78,3 76
92,5 90,8 90 87,1 84,2 82 79,2 76,6 74,3
90,8 89,1 88,3 85,4 82,5 80,3 77,5 74,9 72,6
92 90,3 89,5 86,6 83,7 81,5 78,7 76,1 73,8
94,6 92,9 92,1 89,2 86,3 84,1 81,3 78,7 76,4
95,7 94 93,2 90,3 87,4 85,2 82,4 79,8 77,5
98,3 96,6 95,8 92,9 90 87,8 85 82,4 80,1
98,3 96,6 95,8 92,9 90 87,8 85 82,4 80,1
98,3 96,6 95,8 92,9 90 87,8 85 82,4 80,1
101,1 99,4 98,6 95,7 92,8 90,6 87,8 85,2 82,9
102,7 101 100,2 97,3 94,4 92,2 89,4 86,8 84,5
107,3 105,6 104,8 101,9 99 96,8 94 91,4 89,1
93,4 91,7 90,9 88 85,1 82,9 80,1 77,5 75,2
93,6 91,9 91,1 88,2 85,3 83,1 80,3 77,7 75,4
94,6 92,9 92,1 89,2 86,3 84,1 81,3 78,7 76,4
97,8 96,1 95,3 92,4 89,5 87,3 84,5 81,9 79,6
98 96,3 95,5 92,6 89,7 87,5 84,7 82,1 79,8
99,2 97,5 96,7 93,8 90,9 88,7 85,9 83,3 81
100,3 98,6 97,8 94,9 92 89,8 87 84,4 82,1
101,3 99,6 98,8 95,9 93 90,8 88 85,4 83,1
104,1 102,4 101,6 98,7 95,8 93,6 90,8 88,2 85,9
97,1 95,4 94,6 91,7 88,8 86,6 83,8 81,2 78,9
96,9 95,2 94,4 91,5 88,6 86,4 83,6 81 78,7
96,9 95,2 94,4 91,5 88,6 86,4 83,6 81 78,7
101,4 99,7 98,9 96 93,1 90,9 88,1 85,5 83,2
99,5 97,8 97 94,1 91,2 89 86,2 83,6 81,3
99,6 97,9 97,1 94,2 91,3 89,1 86,3 83,7 81,4
100,8 99,1 98,3 95,4 92,5 90,3 87,5 84,9 82,6
105,5 103,8 103 100,1 97,2 95 92,2 89,6 87,3
106,2 104,5 103,7 100,8 97,9 95,7 92,9 90,3 88
110,7 109 108,2 105,3 102,4 100,2 97,4 94,8 92,5
112,1 110,4 109,6 106,7 103,8 101,6 98,8 96,2 93,9
116,5 114,8 114 111,1 108,2 106 103,2 100,6 98,3
105,8 104,1 103,3 100,4 97,5 95,3 92,5 89,9 87,6
107,6 105,9 105,1 102,2 99,3 97,1 94,3 91,7 89,4
102,2 100,5 99,7 96,8 93,9 91,7 88,9 86,3 84
103,8 102,1 101,3 98,4 95,5 93,3 90,5 87,9 85,6
104,7 103 102,2 99,3 96,4 94,2 91,4 88,8 86,5
104,7 103 102,2 99,3 96,4 94,2 91,4 88,8 86,5
106,3 104,6 103,8 100,9 98 95,8 93 90,4 88,1
107,2 105,5 104,7 101,8 98,9 96,7 93,9 91,3 89
107,1 105,4 104,6 101,7 98,8 96,6 93,8 91,2 88,9
108,7 107 106,2 103,3 100,4 98,2 95,4 92,8 90,5
