22,5 20,8 20 17,1 14,2 12 9,2 6,6 4,3
20,9 19,2 18,4 15,5 12,6 10,4 7,6 5 2,7
20,4 18,7 17,9 15 12,1 9,9 7,1 4,5 2,2
19,7 18 17,2 14,3 11,4 9,2 6,4 3,8 1,5
21,8 20,1 19,3 16,4 13,5 11,3 8,5 5,9 3,6
23,8 22,1 21,3 18,4 15,5 13,3 10,5 7,9 5,6
24,2 22,5 21,7 18,8 15,9 13,7 10,9 8,3 6
26,2 24,5 23,7 20,8 17,9 15,7 12,9 10,3 8
26,5 24,8 24 21,1 18,2 16 13,2 10,6 8,3
29,3 27,6 26,8 23,9 21 18,8 16 13,4 11,1
33,7 32 31,2 28,3 25,4 23,2 20,4 17,8 15,5
36,6 34,9 34,1 31,2 28,3 26,1 23,3 20,7 18,4
36,8 35,1 34,3 31,4 28,5 26,3 23,5 20,9 18,6
40,2 38,5 37,7 34,8 31,9 29,7 26,9 24,3 22
42,1 40,4 39,6 36,7 33,8 31,6 28,8 26,2 23,9
43,8 42,1 41,3 38,4 35,5 33,3 30,5 27,9 25,6
47,2 45,5 44,7 41,8 38,9 36,7 33,9 31,3 29
49,5 47,8 47 44,1 41,2 39 36,2 33,6 31,3
50 48,3 47,5 44,6 41,7 39,5 36,7 34,1 31,8
39 37,3 36,5 33,6 30,7 28,5 25,7 23,1 20,8
40,9 39,2 38,4 35,5 32,6 30,4 27,6 25 22,7
45,5 43,8 43 40,1 37,2 35 32,2 29,6 27,3
45,8 44,1 43,3 40,4 37,5 35,3 32,5 29,9 27,6
57,9 56,2 55,4 52,5 49,6 47,4 44,6 42 39,7
55,5 53,8 53 50,1 47,2 45 42,2 39,6 37,3
51,4 49,7 48,9 46 43,1 40,9 38,1 35,5 33,2
49,2 47,5 46,7 43,8 40,9 38,7 35,9 33,3 31
47,9 46,2 45,4 42,5 39,6 37,4 34,6 32 29,7
47,4 45,7 44,9 42 39,1 36,9 34,1 31,5 29,2
48,5 46,8 46 43,1 40,2 38 35,2 32,6 30,3
51 49,3 48,5 45,6 42,7 40,5 37,7 35,1 32,8
52,9 51,2 50,4 47,5 44,6 42,4 39,6 37 34,7
54,6 52,9 52,1 49,2 46,3 44,1 41,3 38,7 36,4
59,5 57,8 57 54,1 51,2 49 46,2 43,6 41,3
