52,3 50,9 50,5 48,9 47,2 45,8 44,5 42,8 41,4
52,3 50,9 50,5 48,9 47,2 45,8 44,5 42,8 41,4
53,8 52,4 52 50,4 48,7 47,3 46 44,3 42,9
54,7 53,3 52,9 51,3 49,6 48,2 46,9 45,2 43,8
55,8 54,4 54 52,4 50,7 49,3 48 46,3 44,9
57,2 55,8 55,4 53,8 52,1 50,7 49,4 47,7 46,3
57,2 55,8 55,4 53,8 52,1 50,7 49,4 47,7 46,3
58,3 56,9 56,5 54,9 53,2 51,8 50,5 48,8 47,4
59,8 58,4 58 56,4 54,7 53,3 52 50,3 48,9
56,2 54,8 54,4 52,8 51,1 49,7 48,4 46,7 45,3
54,9 53,5 53,1 51,5 49,8 48,4 47,1 45,4 44
53,7 52,3 51,9 50,3 48,6 47,2 45,9 44,2 42,8
53,1 51,7 51,3 49,7 48 46,6 45,3 43,6 42,2
52,4 51 50,6 49 47,3 45,9 44,6 42,9 41,5
51,3 49,9 49,5 47,9 46,2 44,8 43,5 41,8 40,4
50,2 48,8 48,4 46,8 45,1 43,7 42,4 40,7 39,3
50,9 49,5 49,1 47,5 45,8 44,4 43,1 41,4 40
52,2 50,8 50,4 48,8 47,1 45,7 44,4 42,7 41,3
54 52,6 52,2 50,6 48,9 47,5 46,2 44,5 43,1
52,9 51,5 51,1 49,5 47,8 46,4 45,1 43,4 42
52 50,6 50,2 48,6 46,9 45,5 44,2 42,5 41,1
52,7 51,3 50,9 49,3 47,6 46,2 44,9 43,2 41,8
54,2 52,8 52,4 50,8 49,1 47,7 46,4 44,7 43,3
55,2 53,8 53,4 51,8 50,1 48,7 47,4 45,7 44,3
56,3 54,9 54,5 52,9 51,2 49,8 48,5 46,8 45,4
56,4 55 54,6 53 51,3 49,9 48,6 46,9 45,5
56,8 55,4 55 53,4 51,7 50,3 49 47,3 45,9
58,5 57,1 56,7 55,1 53,4 52 50,7 49 47,6
59,3 57,9 57,5 55,9 54,2 52,8 51,5 49,8 48,4
62,5 61,1 60,7 59,1 57,4 56 54,7 53 51,6
53,7 52,3 51,9 50,3 48,6 47,2 45,9 44,2 42,8
54,1 52,7 52,3 50,7 49 47,6 46,3 44,6 43,2
54,2 52,8 52,4 50,8 49,1 47,7 46,4 44,7 43,3
56,2 54,8 54,4 52,8 51,1 49,7 48,4 46,7 45,3
56,3 54,9 54,5 52,9 51,2 49,8 48,5 46,8 45,4
57 55,6 55,2 53,6 51,9 50,5 49,2 47,5 46,1
57,9 56,5 56,1 54,5 52,8 51,4 50,1 48,4 47
58,8 57,4 57 55,4 53,7 52,3 51 49,3 47,9
59,7 58,3 57,9 56,3 54,6 53,2 51,9 50,2 48,8
56,1 54,7 54,3 52,7 51 49,6 48,3 46,6 45,2
56,1 54,7 54,3 52,7 51 49,6 48,3 46,6 45,2
56,1 54,7 54,3 52,7 51 49,6 48,3 46,6 45,2
58,4 57 56,6 55 53,3 51,9 50,6 48,9 47,5
57,4 56 55,6 54 52,3 50,9 49,6 47,9 46,5
58,1 56,7 56,3 54,7 53 51,6 50,3 48,6 47,2
58,8 57,4 57 55,4 53,7 52,3 51 49,3 47,9
61,4 60 59,6 58 56,3 54,9 53,6 51,9 50,5
61,8 60,4 60 58,4 56,7 55,3 54 52,3 50,9
64,3 62,9 62,5 60,9 59,2 57,8 56,5 54,8 53,4
65,3 63,9 63,5 61,9 60,2 58,8 57,5 55,8 54,4
68,1 66,7 66,3 64,7 63 61,6 60,3 58,6 57,2
61,4 60 59,6 58 56,3 54,9 53,6 51,9 50,5
62,7 61,3 60,9 59,3 57,6 56,2 54,9 53,2 51,8
59,4 58 57,6 56 54,3 52,9 51,6 49,9 48,5
60 58,6 58,2 56,6 54,9 53,5 52,2 50,5 49,1
60,6 59,2 58,8 57,2 55,5 54,1 52,8 51,1 49,7
60,6 59,2 58,8 57,2 55,5 54,1 52,8 51,1 49,7
61,7 60,3 59,9 58,3 56,6 55,2 53,9 52,2 50,8
62,5 61,1 60,7 59,1 57,4 56 54,7 53 51,6
62,4 61 60,6 59 57,3 55,9 54,6 52,9 51,5
63,3 61,9 61,5 59,9 58,2 56,8 55,5 53,8 52,4
