84,2 81,5 80,1 75,5 70,8 68,6 64,1 59,8 56,5
90,1 87,4 86 81,4 76,7 74,5 70 65,7 62,4
94,6 91,9 90,5 85,9 81,2 79 74,5 70,2 66,9
101,3 98,6 97,2 92,6 87,9 85,7 81,2 76,9 73,6
97,4 94,7 93,3 88,7 84 81,8 77,3 73 69,7
103,6 100,9 99,5 94,9 90,2 88 83,5 79,2 75,9
103,9 101,2 99,8 95,2 90,5 88,3 83,8 79,5 76,2
111,3 108,6 107,2 102,6 97,9 95,7 91,2 86,9 83,6
113,3 110,6 109,2 104,6 99,9 97,7 93,2 88,9 85,6
119,5 116,8 115,4 110,8 106,1 103,9 99,4 95,1 91,8
116,2 113,5 112,1 107,5 102,8 100,6 96,1 91,8 88,5
115,1 112,4 111 106,4 101,7 99,5 95 90,7 87,4
115,1 112,4 111 106,4 101,7 99,5 95 90,7 87,4
109,5 106,8 105,4 100,8 96,1 93,9 89,4 85,1 81,8
111,9 109,2 107,8 103,2 98,5 96,3 91,8 87,5 84,2
116,4 113,7 112,3 107,7 103 100,8 96,3 92 88,7
116,4 113,7 112,3 107,7 103 100,8 96,3 92 88,7
119,9 117,2 115,8 111,2 106,5 104,3 99,8 95,5 92,2
123 120,3 118,9 114,3 109,6 107,4 102,9 98,6 95,3
125,8 123,1 121,7 117,1 112,4 110,2 105,7 101,4 98,1
132,1 129,4 128 123,4 118,7 116,5 112 107,7 104,4
136,6 133,9 132,5 127,9 123,2 121 116,5 112,2 108,9
138,1 135,4 134 129,4 124,7 122,5 118 113,7 110,4
142,2 139,5 138,1 133,5 128,8 126,6 122,1 117,8 114,5
142,2 139,5 138,1 133,5 128,8 126,6 122,1 117,8 114,5
142,2 139,5 138,1 133,5 128,8 126,6 122,1 117,8 114,5
144,7 142 140,6 136 131,3 129,1 124,6 120,3 117
149,1 146,4 145 140,4 135,7 133,5 129 124,7 121,4
150,5 147,8 146,4 141,8 137,1 134,9 130,4 126,1 122,8
152,9 150,2 148,8 144,2 139,5 137,3 132,8 128,5 125,2
153,8 151,1 149,7 145,1 140,4 138,2 133,7 129,4 126,1
155,4 152,7 151,3 146,7 142 139,8 135,3 131 127,7
160,4 157,7 156,3 151,7 147 144,8 140,3 136 132,7
117,8 115,1 113,7 109,1 104,4 102,2 97,7 93,4 90,1
127,6 124,9 123,5 118,9 114,2 112 107,5 103,2 99,9
123,8 121,1 119,7 115,1 110,4 108,2 103,7 99,4 96,1
121,6 118,9 117,5 112,9 108,2 106 101,5 97,2 93,9
121,6 118,9 117,5 112,9 108,2 106 101,5 97,2 93,9
117,3 114,6 113,2 108,6 103,9 101,7 97,2 92,9 89,6
117,3 114,6 113,2 108,6 103,9 101,7 97,2 92,9 89,6
117,3 114,6 113,2 108,6 103,9 101,7 97,2 92,9 89,6
121,6 118,9 117,5 112,9 108,2 106 101,5 97,2 93,9
122,4 119,7 118,3 113,7 109 106,8 102,3 98 94,7
126,3 123,6 122,2 117,6 112,9 110,7 106,2 101,9 98,6
129,1 126,4 125 120,4 115,7 113,5 109 104,7 101,4
131,8 129,1 127,7 123,1 118,4 116,2 111,7 107,4 104,1
124,6 121,9 120,5 115,9 111,2 109 104,5 100,2 96,9
127,9 125,2 123,8 119,2 114,5 112,3 107,8 103,5 100,2
130 127,3 125,9 121,3 116,6 114,4 109,9 105,6 102,3
133,3 130,6 129,2 124,6 119,9 117,7 113,2 108,9 105,6
134 131,3 129,9 125,3 120,6 118,4 113,9 109,6 106,3
136,7 134 132,6 128 123,3 121,1 116,6 112,3 109
138 135,3 133,9 129,3 124,6 122,4 117,9 113,6 110,3
144,9 142,2 140,8 136,2 131,5 129,3 124,8 120,5 117,2
144,3 141,6 140,2 135,6 130,9 128,7 124,2 119,9 116,6
146,6 143,9 142,5 137,9 133,2 131 126,5 122,2 118,9
147,4 144,7 143,3 138,7 134 131,8 127,3 123 119,7
148,9 146,2 144,8 140,2 135,5 133,3 128,8 124,5 121,2
152,5 149,8 148,4 143,8 139,1 136,9 132,4 128,1 124,8
156 153,3 151,9 147,3 142,6 140,4 135,9 131,6 128,3
159,4 156,7 155,3 150,7 146 143,8 139,3 135 131,7
139,6 136,9 135,5 130,9 126,2 124 119,5 115,2 111,9
