295,9 291,8 286,6 280,6 271,3 265,5 255,7 248,1 240,5
295,9 291,8 286,6 280,6 271,3 265,5 255,7 248,1 240,5
303,6 299,5 294,3 288,3 279 273,2 263,4 255,8 248,2
306 301,9 296,7 290,7 281,4 275,6 265,8 258,2 250,6
312,3 308,2 303 297 287,7 281,9 272,1 264,5 256,9
321,3 317,2 312 306 296,7 290,9 281,1 273,5 265,9
321,3 317,2 312 306 296,7 290,9 281,1 273,5 265,9
323,3 319,2 314 308 298,7 292,9 283,1 275,5 267,9
336,4 332,3 327,1 321,1 311,8 306 296,2 288,6 281
317,8 313,7 308,5 302,5 293,2 287,4 277,6 270 262,4
312,4 308,3 303,1 297,1 287,8 282 272,2 264,6 257
302,8 298,7 293,5 287,5 278,2 272,4 262,6 255 247,4
300,8 296,7 291,5 285,5 276,2 270,4 260,6 253 245,4
296 291,9 286,7 280,7 271,4 265,6 255,8 248,2 240,6
289,5 285,4 280,2 274,2 264,9 259,1 249,3 241,7 234,1
282,6 278,5 273,3 267,3 258 252,2 242,4 234,8 227,2
285,5 281,4 276,2 270,2 260,9 255,1 245,3 237,7 230,1
295,7 291,6 286,4 280,4 271,1 265,3 255,5 247,9 240,3
304,4 300,3 295,1 289,1 279,8 274 264,2 256,6 249
299,1 295 289,8 283,8 274,5 268,7 258,9 251,3 243,7
294 289,9 284,7 278,7 269,4 263,6 253,8 246,2 238,6
297,7 293,6 288,4 282,4 273,1 267,3 257,5 249,9 242,3
306,7 302,6 297,4 291,4 282,1 276,3 266,5 258,9 251,3
312 307,9 302,7 296,7 287,4 281,6 271,8 264,2 256,6
318,3 314,2 309 303 293,7 287,9 278,1 270,5 262,9
319,4 315,3 310,1 304,1 294,8 289 279,2 271,6 264
322,3 318,2 313 307 297,7 291,9 282,1 274,5 266,9
329,6 325,5 320,3 314,3 305 299,2 289,4 281,8 274,2
334,2 330,1 324,9 318,9 309,6 303,8 294 286,4 278,8
351,8 347,7 342,5 336,5 327,2 321,4 311,6 304 296,4
301,8 297,7 292,5 286,5 277,2 271,4 261,6 254 246,4
302,9 298,8 293,6 287,6 278,3 272,5 262,7 255,1 247,5
306,7 302,6 297,4 291,4 282,1 276,3 266,5 258,9 251,3
317,9 313,8 308,6 302,6 293,3 287,5 277,7 270,1 262,5
319,6 315,5 310,3 304,3 295 289,2 279,4 271,8 264,2
324 319,9 314,7 308,7 299,4 293,6 283,8 276,2 268,6
326,3 322,2 317 311 301,7 295,9 286,1 278,5 270,9
331 326,9 321,7 315,7 306,4 300,6 290,8 283,2 275,6
336,8 332,7 327,5 321,5 312,2 306,4 296,6 289 281,4
314,8 310,7 305,5 299,5 290,2 284,4 274,6 267 259,4
315,5 311,4 306,2 300,2 290,9 285,1 275,3 267,7 260,1
315,5 311,4 306,2 300,2 290,9 285,1 275,3 267,7 260,1
325,9 321,8 316,6 310,6 301,3 295,5 285,7 278,1 270,5
322,3 318,2 313 307 297,7 291,9 282,1 274,5 266,9
323,3 319,2 314 308 298,7 292,9 283,1 275,5 267,9
327,5 323,4 318,2 312,2 302,9 297,1 287,3 279,7 272,1
343,6 339,5 334,3 328,3 319 313,2 303,4 295,8 288,2
345,8 341,7 336,5 330,5 321,2 315,4 305,6 298 290,4
361,4 357,3 352,1 346,1 336,8 331 321,2 313,6 306
366,3 362,2 357 351 341,7 335,9 326,1 318,5 310,9
381,4 377,3 372,1 366,1 356,8 351 341,2 333,6 326
345,4 341,3 336,1 330,1 320,8 315 305,2 297,6 290
351,1 347 341,8 335,8 326,5 320,7 310,9 303,3 295,7
333,2 329,1 323,9 317,9 308,6 302,8 293 285,4 277,8
336,2 332,1 326,9 320,9 311,6 305,8 296 288,4 280,8
339,4 335,3 330,1 324,1 314,8 309 299,2 291,6 284
339,4 335,3 330,1 324,1 314,8 309 299,2 291,6 284
341,3 337,2 332 326 316,7 310,9 301,1 293,5 285,9
348,4 344,3 339,1 333,1 323,8 318 308,2 300,6 293
345,7 341,6 336,4 330,4 321,1 315,3 305,5 297,9 290,3
354,1 350 344,8 338,8 329,5 323,7 313,9 306,3 298,7
