48 43,8 42,9 36,4 30,6 26,8 20,2 14,2 8,9
45 40,8 39,9 33,4 27,6 23,8 17,2 11,2 5,9
43,7 39,5 38,6 32,1 26,3 22,5 15,9 9,9 4,6
42,1 37,9 37 30,5 24,7 20,9 14,3 8,3 3
46,7 42,5 41,6 35,1 29,3 25,5 18,9 12,9 7,6
51,7 47,5 46,6 40,1 34,3 30,5 23,9 17,9 12,6
52,7 48,5 47,6 41,1 35,3 31,5 24,9 18,9 13,6
58,4 54,2 53,3 46,8 41 37,2 30,6 24,6 19,3
58,8 54,6 53,7 47,2 41,4 37,6 31 25 19,7
65,6 61,4 60,5 54 48,2 44,4 37,8 31,8 26,5
76,1 71,9 71 64,5 58,7 54,9 48,3 42,3 37
83 78,8 77,9 71,4 65,6 61,8 55,2 49,2 43,9
85,3 81,1 80,2 73,7 67,9 64,1 57,5 51,5 46,2
93,2 89 88,1 81,6 75,8 72 65,4 59,4 54,1
96,5 92,3 91,4 84,9 79,1 75,3 68,7 62,7 57,4
102,7 98,5 97,6 91,1 85,3 81,5 74,9 68,9 63,6
110,6 106,4 105,5 99 93,2 89,4 82,8 76,8 71,5
115,8 111,6 110,7 104,2 98,4 94,6 88 82 76,7
119,9 115,7 114,8 108,3 102,5 98,7 92,1 86,1 80,8
90,6 86,4 85,5 79 73,2 69,4 62,8 56,8 51,5
95,9 91,7 90,8 84,3 78,5 74,7 68,1 62,1 56,8
104,9 100,7 99,8 93,3 87,5 83,7 77,1 71,1 65,8
109,4 105,2 104,3 97,8 92 88,2 81,6 75,6 70,3
139,2 135 134,1 127,6 121,8 118 111,4 105,4 100,1
128,8 124,6 123,7 117,2 111,4 107,6 101 95 89,7
120,5 116,3 115,4 108,9 103,1 99,3 92,7 86,7 81,4
116,1 111,9 111 104,5 98,7 94,9 88,3 82,3 77
111,7 107,5 106,6 100,1 94,3 90,5 83,9 77,9 72,6
110,1 105,9 105 98,5 92,7 88,9 82,3 76,3 71
112,2 108 107,1 100,6 94,8 91 84,4 78,4 73,1
119,4 115,2 114,3 107,8 102 98,2 91,6 85,6 80,3
124,7 120,5 119,6 113,1 107,3 103,5 96,9 90,9 85,6
129,3 125,1 124,2 117,7 111,9 108,1 101,5 95,5 90,2
138,8 134,6 133,7 127,2 121,4 117,6 111 105 99,7
