127 122,8 121,9 115,4 109,6 105,8 99,2 93,2 87,9
139,2 135 134,1 127,6 121,8 118 111,4 105,4 100,1
147,8 143,6 142,7 136,2 130,4 126,6 120 114 108,7
158,5 154,3 153,4 146,9 141,1 137,3 130,7 124,7 119,4
153 148,8 147,9 141,4 135,6 131,8 125,2 119,2 113,9
161,7 157,5 156,6 150,1 144,3 140,5 133,9 127,9 122,6
162,6 158,4 157,5 151 145,2 141,4 134,8 128,8 123,5
173,5 169,3 168,4 161,9 156,1 152,3 145,7 139,7 134,4
176,3 172,1 171,2 164,7 158,9 155,1 148,5 142,5 137,2
186 181,8 180,9 174,4 168,6 164,8 158,2 152,2 146,9
181,2 177 176,1 169,6 163,8 160 153,4 147,4 142,1
179,9 175,7 174,8 168,3 162,5 158,7 152,1 146,1 140,8
179,9 175,7 174,8 168,3 162,5 158,7 152,1 146,1 140,8
171 166,8 165,9 159,4 153,6 149,8 143,2 137,2 131,9
174,5 170,3 169,4 162,9 157,1 153,3 146,7 140,7 135,4
181,8 177,6 176,7 170,2 164,4 160,6 154 148 142,7
181,8 177,6 176,7 170,2 164,4 160,6 154 148 142,7
187,1 182,9 182 175,5 169,7 165,9 159,3 153,3 148
192,7 188,5 187,6 181,1 175,3 171,5 164,9 158,9 153,6
197,2 193 192,1 185,6 179,8 176 169,4 163,4 158,1
205,9 201,7 200,8 194,3 188,5 184,7 178,1 172,1 166,8
213,3 209,1 208,2 201,7 195,9 192,1 185,5 179,5 174,2
215,8 211,6 210,7 204,2 198,4 194,6 188 182 176,7
220,8 216,6 215,7 209,2 203,4 199,6 193 187 181,7
220,8 216,6 215,7 209,2 203,4 199,6 193 187 181,7
220,8 216,6 215,7 209,2 203,4 199,6 193 187 181,7
225,4 221,2 220,3 213,8 208 204,2 197,6 191,6 186,3
231,7 227,5 226,6 220,1 214,3 210,5 203,9 197,9 192,6
234,1 229,9 229 222,5 216,7 212,9 206,3 200,3 195
238,3 234,1 233,2 226,7 220,9 217,1 210,5 204,5 199,2
241,6 237,4 236,5 230 224,2 220,4 213,8 207,8 202,5
242,4 238,2 237,3 230,8 225 221,2 214,6 208,6 203,3
250 245,8 244,9 238,4 232,6 228,8 222,2 216,2 210,9
183,8 179,6 178,7 172,2 166,4 162,6 156 150 144,7
199,1 194,9 194 187,5 181,7 177,9 171,3 165,3 160
193,5 189,3 188,4 181,9 176,1 172,3 165,7 159,7 154,4
189,6 185,4 184,5 178 172,2 168,4 161,8 155,8 150,5
189,6 185,4 184,5 178 172,2 168,4 161,8 155,8 150,5
183,1 178,9 178 171,5 165,7 161,9 155,3 149,3 144
183,1 178,9 178 171,5 165,7 161,9 155,3 149,3 144
183,1 178,9 178 171,5 165,7 161,9 155,3 149,3 144
189,9 185,7 184,8 178,3 172,5 168,7 162,1 156,1 150,8
191,7 187,5 186,6 180,1 174,3 170,5 163,9 157,9 152,6
197,1 192,9 192 185,5 179,7 175,9 169,3 163,3 158
202,3 198,1 197,2 190,7 184,9 181,1 174,5 168,5 163,2
206,3 202,1 201,2 194,7 188,9 185,1 178,5 172,5 167,2
193,4 189,2 188,3 181,8 176 172,2 165,6 159,6 154,3
200 195,8 194,9 188,4 182,6 178,8 172,2 166,2 160,9
203,2 199 198,1 191,6 185,8 182 175,4 169,4 164,1
209,2 205 204,1 197,6 191,8 188 181,4 175,4 170,1
209,3 205,1 204,2 197,7 191,9 188,1 181,5 175,5 170,2
215,2 211 210,1 203,6 197,8 194 187,4 181,4 176,1
216,9 212,7 211,8 205,3 199,5 195,7 189,1 183,1 177,8
228,2 224 223,1 216,6 210,8 207 200,4 194,4 189,1
226,9 222,7 221,8 215,3 209,5 205,7 199,1 193,1 187,8
229,8 225,6 224,7 218,2 212,4 208,6 202 196 190,7
230,4 226,2 225,3 218,8 213 209,2 202,6 196,6 191,3
233,1 228,9 228 221,5 215,7 211,9 205,3 199,3 194
238,7 234,5 233,6 227,1 221,3 217,5 210,9 204,9 199,6
243,5 239,3 238,4 231,9 226,1 222,3 215,7 209,7 204,4
248,8 244,6 243,7 237,2 231,4 227,6 221 215 209,7
220,2 216 215,1 208,6 202,8 199 192,4 186,4 181,1
