54,6 52,9 52,1 49,2 46,3 44,1 41,3 38,7 36,4
59 57,3 56,5 53,6 50,7 48,5 45,7 43,1 40,8
62,3 60,6 59,8 56,9 54 51,8 49 46,4 44,1
66,8 65,1 64,3 61,4 58,5 56,3 53,5 50,9 48,6
62,9 61,2 60,4 57,5 54,6 52,4 49,6 47 44,7
67,6 65,9 65,1 62,2 59,3 57,1 54,3 51,7 49,4
68,3 66,6 65,8 62,9 60 57,8 55 52,4 50,1
72,7 71 70,2 67,3 64,4 62,2 59,4 56,8 54,5
74 72,3 71,5 68,6 65,7 63,5 60,7 58,1 55,8
77,9 76,2 75,4 72,5 69,6 67,4 64,6 62 59,7
76,1 74,4 73,6 70,7 67,8 65,6 62,8 60,2 57,9
75,3 73,6 72,8 69,9 67 64,8 62 59,4 57,1
75,3 73,6 72,8 69,9 67 64,8 62 59,4 57,1
71,6 69,9 69,1 66,2 63,3 61,1 58,3 55,7 53,4
73,3 71,6 70,8 67,9 65 62,8 60 57,4 55,1
76,1 74,4 73,6 70,7 67,8 65,6 62,8 60,2 57,9
76,1 74,4 73,6 70,7 67,8 65,6 62,8 60,2 57,9
78,3 76,6 75,8 72,9 70 67,8 65 62,4 60,1
80,2 78,5 77,7 74,8 71,9 69,7 66,9 64,3 62
82,3 80,6 79,8 76,9 74 71,8 69 66,4 64,1
86 84,3 83,5 80,6 77,7 75,5 72,7 70,1 67,8
88,6 86,9 86,1 83,2 80,3 78,1 75,3 72,7 70,4
89,9 88,2 87,4 84,5 81,6 79,4 76,6 74 71,7
92,3 90,6 89,8 86,9 84 81,8 79 76,4 74,1
92,3 90,6 89,8 86,9 84 81,8 79 76,4 74,1
92,3 90,6 89,8 86,9 84 81,8 79 76,4 74,1
94 92,3 91,5 88,6 85,7 83,5 80,7 78,1 75,8
96,8 95,1 94,3 91,4 88,5 86,3 83,5 80,9 78,6
97,7 96 95,2 92,3 89,4 87,2 84,4 81,8 79,5
99,3 97,6 96,8 93,9 91 88,8 86 83,4 81,1
100,3 98,6 97,8 94,9 92 89,8 87 84,4 82,1
100,9 99,2 98,4 95,5 92,6 90,4 87,6 85 82,7
104,4 102,7 101,9 99 96,1 93,9 91,1 88,5 86,2
77 75,3 74,5 71,6 68,7 66,5 63,7 61,1 58,8
83,2 81,5 80,7 77,8 74,9 72,7 69,9 67,3 65
80,4 78,7 77,9 75 72,1 69,9 67,1 64,5 62,2
79,3 77,6 76,8 73,9 71 68,8 66 63,4 61,1
79,3 77,6 76,8 73,9 71 68,8 66 63,4 61,1
76,9 75,2 74,4 71,5 68,6 66,4 63,6 61 58,7
76,9 75,2 74,4 71,5 68,6 66,4 63,6 61 58,7
77,2 75,5 74,7 71,8 68,9 66,7 63,9 61,3 59
79,3 77,6 76,8 73,9 71 68,8 66 63,4 61,1
79,8 78,1 77,3 74,4 71,5 69,3 66,5 63,9 61,6
82,5 80,8 80 77,1 74,2 72 69,2 66,6 64,3
84,1 82,4 81,6 78,7 75,8 73,6 70,8 68,2 65,9
85,9 84,2 83,4 80,5 77,6 75,4 72,6 70 67,7
81,2 79,5 78,7 75,8 72,9 70,7 67,9 65,3 63
83,4 81,7 80,9 78 75,1 72,9 70,1 67,5 65,2
84,6 82,9 82,1 79,2 76,3 74,1 71,3 68,7 66,4
86,7 85 84,2 81,3 78,4 76,2 73,4 70,8 68,5
87,5 85,8 85 82,1 79,2 77 74,2 71,6 69,3
89 87,3 86,5 83,6 80,7 78,5 75,7 73,1 70,8
90 88,3 87,5 84,6 81,7 79,5 76,7 74,1 71,8
95,1 93,4 92,6 89,7 86,8 84,6 81,8 79,2 76,9
94,9 93,2 92,4 89,5 86,6 84,4 81,6 79 76,7
96,4 94,7 93,9 91 88,1 85,9 83,1 80,5 78,2
96,8 95,1 94,3 91,4 88,5 86,3 83,5 80,9 78,6
97,5 95,8 95 92,1 89,2 87 84,2 81,6 79,3
100,3 98,6 97,8 94,9 92 89,8 87 84,4 82,1
102,8 101,1 100,3 97,4 94,5 92,3 89,5 86,9 84,6
105 103,3 102,5 99,6 96,7 94,5 91,7 89,1 86,8
91,4 89,7 88,9 86 83,1 80,9 78,1 75,5 73,2
