67,4 63,3 58,1 52,1 42,8 37 27,2 19,6 12
63,5 59,4 54,2 48,2 38,9 33,1 23,3 15,7 8,1
61,7 57,6 52,4 46,4 37,1 31,3 21,5 13,9 6,3
59,5 55,4 50,2 44,2 34,9 29,1 19,3 11,7 4,1
65,9 61,8 56,6 50,6 41,3 35,5 25,7 18,1 10,5
72,5 68,4 63,2 57,2 47,9 42,1 32,3 24,7 17,1
74,5 70,4 65,2 59,2 49,9 44,1 34,3 26,7 19,1
83 78,9 73,7 67,7 58,4 52,6 42,8 35,2 27,6
83,1 79 73,8 67,8 58,5 52,7 42,9 35,3 27,7
90,7 86,6 81,4 75,4 66,1 60,3 50,5 42,9 35,3
106,6 102,5 97,3 91,3 82 76,2 66,4 58,8 51,2
115,4 111,3 106,1 100,1 90,8 85 75,2 67,6 60
117,5 113,4 108,2 102,2 92,9 87,1 77,3 69,7 62,1
128,1 124 118,8 112,8 103,5 97,7 87,9 80,3 72,7
134,9 130,8 125,6 119,6 110,3 104,5 94,7 87,1 79,5
142 137,9 132,7 126,7 117,4 111,6 101,8 94,2 86,6
151,4 147,3 142,1 136,1 126,8 121 111,2 103,6 96
155,6 151,5 146,3 140,3 131 125,2 115,4 107,8 100,2
162,1 158 152,8 146,8 137,5 131,7 121,9 114,3 106,7
123 118,9 113,7 107,7 98,4 92,6 82,8 75,2 67,6
129,4 125,3 120,1 114,1 104,8 99 89,2 81,6 74
143,4 139,3 134,1 128,1 118,8 113 103,2 95,6 88
145,4 141,3 136,1 130,1 120,8 115 105,2 97,6 90
188,3 184,2 179 173 163,7 157,9 148,1 140,5 132,9
176,3 172,2 167 161 151,7 145,9 136,1 128,5 120,9
164,4 160,3 155,1 149,1 139,8 134 124,2 116,6 109
158,7 154,6 149,4 143,4 134,1 128,3 118,5 110,9 103,3
152,5 148,4 143,2 137,2 127,9 122,1 112,3 104,7 97,1
150,6 146,5 141,3 135,3 126 120,2 110,4 102,8 95,2
155,8 151,7 146,5 140,5 131,2 125,4 115,6 108 100,4
163,1 159 153,8 147,8 138,5 132,7 122,9 115,3 107,7
166,9 162,8 157,6 151,6 142,3 136,5 126,7 119,1 111,5
178,1 174 168,8 162,8 153,5 147,7 137,9 130,3 122,7
191,3 187,2 182 176 166,7 160,9 151,1 143,5 135,9
