220,6 216,4 215,5 209 203,2 199,4 192,8 186,8 181,5
220,6 216,4 215,5 209 203,2 199,4 192,8 186,8 181,5
226,5 222,3 221,4 214,9 209,1 205,3 198,7 192,7 187,4
228,7 224,5 223,6 217,1 211,3 207,5 200,9 194,9 189,6
232,5 228,3 227,4 220,9 215,1 211,3 204,7 198,7 193,4
240,5 236,3 235,4 228,9 223,1 219,3 212,7 206,7 201,4
240,5 236,3 235,4 228,9 223,1 219,3 212,7 206,7 201,4
243,3 239,1 238,2 231,7 225,9 222,1 215,5 209,5 204,2
251,6 247,4 246,5 240 234,2 230,4 223,8 217,8 212,5
234,8 230,6 229,7 223,2 217,4 213,6 207 201 195,7
230,6 226,4 225,5 219 213,2 209,4 202,8 196,8 191,5
224,2 220 219,1 212,6 206,8 203 196,4 190,4 185,1
222,5 218,3 217,4 210,9 205,1 201,3 194,7 188,7 183,4
219,1 214,9 214 207,5 201,7 197,9 191,3 185,3 180
214,3 210,1 209,2 202,7 196,9 193,1 186,5 180,5 175,2
209,1 204,9 204 197,5 191,7 187,9 181,3 175,3 170
211,9 207,7 206,8 200,3 194,5 190,7 184,1 178,1 172,8
218,9 214,7 213,8 207,3 201,5 197,7 191,1 185,1 179,8
225,9 221,7 220,8 214,3 208,5 204,7 198,1 192,1 186,8
222,1 217,9 217 210,5 204,7 200,9 194,3 188,3 183
218,5 214,3 213,4 206,9 201,1 197,3 190,7 184,7 179,4
220,7 216,5 215,6 209,1 203,3 199,5 192,9 186,9 181,6
227,6 223,4 222,5 216 210,2 206,4 199,8 193,8 188,5
231,1 226,9 226 219,5 213,7 209,9 203,3 197,3 192
236,4 232,2 231,3 224,8 219 215,2 208,6 202,6 197,3
236,9 232,7 231,8 225,3 219,5 215,7 209,1 203,1 197,8
238,5 234,3 233,4 226,9 221,1 217,3 210,7 204,7 199,4
243,9 239,7 238,8 232,3 226,5 222,7 216,1 210,1 204,8
247,4 243,2 242,3 235,8 230 226,2 219,6 213,6 208,3
259,8 255,6 254,7 248,2 242,4 238,6 232 226 220,7
224,7 220,5 219,6 213,1 207,3 203,5 196,9 190,9 185,6
225,6 221,4 220,5 214 208,2 204,4 197,8 191,8 186,5
227,6 223,4 222,5 216 210,2 206,4 199,8 193,8 188,5
236,1 231,9 231 224,5 218,7 214,9 208,3 202,3 197
237,6 233,4 232,5 226 220,2 216,4 209,8 203,8 198,5
239,7 235,5 234,6 228,1 222,3 218,5 211,9 205,9 200,6
242,2 238 237,1 230,6 224,8 221 214,4 208,4 203,1
245,4 241,2 240,3 233,8 228 224,2 217,6 211,6 206,3
249,4 245,2 244,3 237,8 232 228,2 221,6 215,6 210,3
234,3 230,1 229,2 222,7 216,9 213,1 206,5 200,5 195,2
233,7 229,5 228,6 222,1 216,3 212,5 205,9 199,9 194,6
233,7 229,5 228,6 222,1 216,3 212,5 205,9 199,9 194,6
241,9 237,7 236,8 230,3 224,5 220,7 214,1 208,1 202,8
238,5 234,3 233,4 226,9 221,1 217,3 210,7 204,7 199,4
239,1 234,9 234 227,5 221,7 217,9 211,3 205,3 200
242,6 238,4 237,5 231 225,2 221,4 214,8 208,8 203,5
253,9 249,7 248,8 242,3 236,5 232,7 226,1 220,1 214,8
255,5 251,3 250,4 243,9 238,1 234,3 227,7 221,7 216,4
267,1 262,9 262 255,5 249,7 245,9 239,3 233,3 228
270,5 266,3 265,4 258,9 253,1 249,3 242,7 236,7 231,4
282,1 277,9 277 270,5 264,7 260,9 254,3 248,3 243
255,4 251,2 250,3 243,8 238 234,2 227,6 221,6 216,3
259,8 255,6 254,7 248,2 242,4 238,6 232 226 220,7
247,3 243,1 242,2 235,7 229,9 226,1 219,5 213,5 208,2
248,8 244,6 243,7 237,2 231,4 227,6 221 215 209,7
251,6 247,4 246,5 240 234,2 230,4 223,8 217,8 212,5
251,6 247,4 246,5 240 234,2 230,4 223,8 217,8 212,5
252,8 248,6 247,7 241,2 235,4 231,6 225 219 213,7
257,7 253,5 252,6 246,1 240,3 236,5 229,9 223,9 218,6
257,1 252,9 252 245,5 239,7 235,9 229,3 223,3 218
261,9 257,7 256,8 250,3 244,5 240,7 234,1 228,1 222,8
