33,9 31,2 29,8 25,2 20,5 18,3 13,8 9,5 6,2
31,9 29,2 27,8 23,2 18,5 16,3 11,8 7,5 4,2
31 28,3 26,9 22,3 17,6 15,4 10,9 6,6 3,3
29,9 27,2 25,8 21,2 16,5 14,3 9,8 5,5 2,2
33,1 30,4 29 24,4 19,7 17,5 13 8,7 5,4
36,2 33,5 32,1 27,5 22,8 20,6 16,1 11,8 8,5
36,8 34,1 32,7 28,1 23,4 21,2 16,7 12,4 9,1
40,4 37,7 36,3 31,7 27 24,8 20,3 16 12,7
40,6 37,9 36,5 31,9 27,2 25 20,5 16,2 12,9
44,8 42,1 40,7 36,1 31,4 29,2 24,7 20,4 17,1
51,9 49,2 47,8 43,2 38,5 36,3 31,8 27,5 24,2
56,9 54,2 52,8 48,2 43,5 41,3 36,8 32,5 29,2
57,1 54,4 53 48,4 43,7 41,5 37 32,7 29,4
62,9 60,2 58,8 54,2 49,5 47,3 42,8 38,5 35,2
65,5 62,8 61,4 56,8 52,1 49,9 45,4 41,1 37,8
68,6 65,9 64,5 59,9 55,2 53 48,5 44,2 40,9
74,2 71,5 70,1 65,5 60,8 58,6 54,1 49,8 46,5
77,4 74,7 73,3 68,7 64 61,8 57,3 53 49,7
79,3 76,6 75,2 70,6 65,9 63,7 59,2 54,9 51,6
60,9 58,2 56,8 52,2 47,5 45,3 40,8 36,5 33,2
63,6 60,9 59,5 54,9 50,2 48 43,5 39,2 35,9
70,1 67,4 66 61,4 56,7 54,5 50 45,7 42,4
71,7 69 67,6 63 58,3 56,1 51,6 47,3 44
90,8 88,1 86,7 82,1 77,4 75,2 70,7 66,4 63,1
86,5 83,8 82,4 77,8 73,1 70,9 66,4 62,1 58,8
80,8 78,1 76,7 72,1 67,4 65,2 60,7 56,4 53,1
77,7 75 73,6 69 64,3 62,1 57,6 53,3 50
74,2 71,5 70,1 65,5 60,8 58,6 54,1 49,8 46,5
73,3 70,6 69,2 64,6 59,9 57,7 53,2 48,9 45,6
76,1 73,4 72 67,4 62,7 60,5 56 51,7 48,4
79,5 76,8 75,4 70,8 66,1 63,9 59,4 55,1 51,8
81,8 79,1 77,7 73,1 68,4 66,2 61,7 57,4 54,1
86,2 83,5 82,1 77,5 72,8 70,6 66,1 61,8 58,5
93,9 91,2 89,8 85,2 80,5 78,3 73,8 69,5 66,2
