13,3 11,9 11,5 9,9 8,2 6,8 5,5 3,8 2,4
12,4 11 10,6 9 7,3 5,9 4,6 2,9 1,5
12 10,6 10,2 8,6 6,9 5,5 4,2 2,5 1,1
11,7 10,3 9,9 8,3 6,6 5,2 3,9 2,2 0,8
12,8 11,4 11 9,4 7,7 6,3 5 3,3 1,9
13,9 12,5 12,1 10,5 8,8 7,4 6,1 4,4 3
14,2 12,8 12,4 10,8 9,1 7,7 6,4 4,7 3,3
15,6 14,2 13,8 12,2 10,5 9,1 7,8 6,1 4,7
15,9 14,5 14,1 12,5 10,8 9,4 8,1 6,4 5
17,6 16,2 15,8 14,2 12,5 11,1 9,8 8,1 6,7
20,1 18,7 18,3 16,7 15 13,6 12,3 10,6 9,2
22,3 20,9 20,5 18,9 17,2 15,8 14,5 12,8 11,4
22,4 21 20,6 19 17,3 15,9 14,6 12,9 11,5
24,4 23 22,6 21 19,3 17,9 16,6 14,9 13,5
25,5 24,1 23,7 22,1 20,4 19 17,7 16 14,6
26,1 24,7 24,3 22,7 21 19,6 18,3 16,6 15,2
28,4 27 26,6 25 23,3 21,9 20,6 18,9 17,5
29,5 28,1 27,7 26,1 24,4 23 21,7 20 18,6
30,8 29,4 29 27,4 25,7 24,3 23 21,3 19,9
23,6 22,2 21,8 20,2 18,5 17,1 15,8 14,1 12,7
24,2 22,8 22,4 20,8 19,1 17,7 16,4 14,7 13,3
26,9 25,5 25,1 23,5 21,8 20,4 19,1 17,4 16
27,1 25,7 25,3 23,7 22 20,6 19,3 17,6 16,2
35,6 34,2 33,8 32,2 30,5 29,1 27,8 26,1 24,7
32,9 31,5 31,1 29,5 27,8 26,4 25,1 23,4 22
31,1 29,7 29,3 27,7 26 24,6 23,3 21,6 20,2
29,8 28,4 28 26,4 24,7 23,3 22 20,3 18,9
28,6 27,2 26,8 25,2 23,5 22,1 20,8 19,1 17,7
28,3 26,9 26,5 24,9 23,2 21,8 20,5 18,8 17,4
29,2 27,8 27,4 25,8 24,1 22,7 21,4 19,7 18,3
30,3 28,9 28,5 26,9 25,2 23,8 22,5 20,8 19,4
32 30,6 30,2 28,6 26,9 25,5 24,2 22,5 21,1
33,3 31,9 31,5 29,9 28,2 26,8 25,5 23,8 22,4
35,5 34,1 33,7 32,1 30,4 29 27,7 26 24,6
