173,4 169,3 164,1 158,1 148,8 143 133,2 125,6 118
187,6 183,5 178,3 172,3 163 157,2 147,4 139,8 132,2
199,2 195,1 189,9 183,9 174,6 168,8 159 151,4 143,8
213,3 209,2 204 198 188,7 182,9 173,1 165,5 157,9
203,5 199,4 194,2 188,2 178,9 173,1 163,3 155,7 148,1
214,5 210,4 205,2 199,2 189,9 184,1 174,3 166,7 159,1
217,4 213,3 208,1 202,1 192,8 187 177,2 169,6 162
231,9 227,8 222,6 216,6 207,3 201,5 191,7 184,1 176,5
235,4 231,3 226,1 220,1 210,8 205 195,2 187,6 180
249 244,9 239,7 233,7 224,4 218,6 208,8 201,2 193,6
241,9 237,8 232,6 226,6 217,3 211,5 201,7 194,1 186,5
239,7 235,6 230,4 224,4 215,1 209,3 199,5 191,9 184,3
239,7 235,6 230,4 224,4 215,1 209,3 199,5 191,9 184,3
228,3 224,2 219 213 203,7 197,9 188,1 180,5 172,9
233,3 229,2 224 218 208,7 202,9 193,1 185,5 177,9
243,1 239 233,8 227,8 218,5 212,7 202,9 195,3 187,7
243,1 239 233,8 227,8 218,5 212,7 202,9 195,3 187,7
251,6 247,5 242,3 236,3 227 221,2 211,4 203,8 196,2
258,7 254,6 249,4 243,4 234,1 228,3 218,5 210,9 203,3
264,9 260,8 255,6 249,6 240,3 234,5 224,7 217,1 209,5
278,1 274 268,8 262,8 253,5 247,7 237,9 230,3 222,7
286,1 282 276,8 270,8 261,5 255,7 245,9 238,3 230,7
290,2 286,1 280,9 274,9 265,6 259,8 250 242,4 234,8
297,5 293,4 288,2 282,2 272,9 267,1 257,3 249,7 242,1
297,5 293,4 288,2 282,2 272,9 267,1 257,3 249,7 242,1
297,5 293,4 288,2 282,2 272,9 267,1 257,3 249,7 242,1
303,2 299,1 293,9 287,9 278,6 272,8 263 255,4 247,8
312,6 308,5 303,3 297,3 288 282,2 272,4 264,8 257,2
315,8 311,7 306,5 300,5 291,2 285,4 275,6 268 260,4
321,6 317,5 312,3 306,3 297 291,2 281,4 273,8 266,2
325,7 321,6 316,4 310,4 301,1 295,3 285,5 277,9 270,3
326,8 322,7 317,5 311,5 302,2 296,4 286,6 279 271,4
337,6 333,5 328,3 322,3 313 307,2 297,4 289,8 282,2
246 241,9 236,7 230,7 221,4 215,6 205,8 198,2 190,6
267 262,9 257,7 251,7 242,4 236,6 226,8 219,2 211,6
260,3 256,2 251 245 235,7 229,9 220,1 212,5 204,9
254,4 250,3 245,1 239,1 229,8 224 214,2 206,6 199
254,4 250,3 245,1 239,1 229,8 224 214,2 206,6 199
245,6 241,5 236,3 230,3 221 215,2 205,4 197,8 190,2
245,6 241,5 236,3 230,3 221 215,2 205,4 197,8 190,2
245,5 241,4 236,2 230,2 220,9 215,1 205,3 197,7 190,1
254,7 250,6 245,4 239,4 230,1 224,3 214,5 206,9 199,3
257,7 253,6 248,4 242,4 233,1 227,3 217,5 209,9 202,3
265,6 261,5 256,3 250,3 241 235,2 225,4 217,8 210,2
271,8 267,7 262,5 256,5 247,2 241,4 231,6 224 216,4
277,7 273,6 268,4 262,4 253,1 247,3 237,5 229,9 222,3
259,8 255,7 250,5 244,5 235,2 229,4 219,6 212 204,4
268,8 264,7 259,5 253,5 244,2 238,4 228,6 221 213,4
273 268,9 263,7 257,7 248,4 242,6 232,8 225,2 217,6
280,5 276,4 271,2 265,2 255,9 250,1 240,3 232,7 225,1
282 277,9 272,7 266,7 257,4 251,6 241,8 234,2 226,6
287,9 283,8 278,6 272,6 263,3 257,5 247,7 240,1 232,5
290,6 286,5 281,3 275,3 266 260,2 250,4 242,8 235,2
304,6 300,5 295,3 289,3 280 274,2 264,4 256,8 249,2
303,1 299 293,8 287,8 278,5 272,7 262,9 255,3 247,7
306,9 302,8 297,6 291,6 282,3 276,5 266,7 259,1 251,5
309,2 305,1 299,9 293,9 284,6 278,8 269 261,4 253,8
312,3 308,2 303 297 287,7 281,9 272,1 264,5 256,9
320,9 316,8 311,6 305,6 296,3 290,5 280,7 273,1 265,5
324,4 320,3 315,1 309,1 299,8 294 284,2 276,6 269
332,8 328,7 323,5 317,5 308,2 302,4 292,6 285 277,4
293,2 289,1 283,9 277,9 268,6 262,8 253 245,4 237,8
