0
. .
. . .
3,2 . 3,2 3,2
7,3 . 7,3 7,3 3,2
34 . 34 34 28,7 24,6
34 . 34 34 28,7 24,6 0
34 . 34 34 28,7 24,6 0 0
34 . 34 34 28,7 24,6 0 0 0
. . . . . . 6,8 6,8 6,8 6,8
34 . 34 34 28,7 24,6 . . . . .
25 . 25 25 19,8 15,8 . . . . . .
21,4 . 21,4 21,4 16,1 12,5 9,3 9,3 9,3 9,3 . 9,3 2,8
12,2 . 12,2 12,2 7,8 4,1 17,4 17,4 17,4 17,4 . 17,4 10,7 7
12,4 . 12,4 12,4 7,5 4,2 24,6 24,6 24,6 24,6 . 24,6 15,4 11,8 3,4
17,5 . 17,5 17,5 14,5 10,6 32,7 32,7 32,7 32,7 . 32,7 23,2 19,2 10,2 5,9
23,2 . 23,2 23,2 22,2 15,8 37,5 37,5 37,5 37,5 . 37,5 27,9 24,7 15,3 10,3 4,1
28 . 28 28 27,6 22,8 43,6 43,6 43,6 43,6 . 43,6 33,2 28,4 20,6 14,9 8,6 3,2
30 . 30 30 27,4 23,1 45,6 45,6 45,6 45,6 . 45,6 36,4 32,2 22,4 17,6 11,3 5,9 2,9
33,6 . 33,6 33,6 33,4 30,5 49,7 49,7 49,7 49,7 . 49,7 42,3 39,9 29,8 24,9 17,4 11,9 9,1 5,5
33,6 . 33,6 33,6 33,4 30,5 49,7 49,7 49,7 49,7 . 49,7 42,3 39,9 29,8 24,9 17,4 11,9 9,1 5,5 .
33,6 . 33,6 33,6 33,4 30,5 49,7 49,7 49,7 49,7 . 49,7 42,3 39,9 29,8 24,9 17,4 11,9 9,1 5,5 . .
