0
. .
. . .
0,7 . 0,7 0,7
1,7 . 1,7 1,7 0,6
6,5 . 6,5 6,5 5,5 4,8
6,5 . 6,5 6,5 5,5 4,8 0
6,5 . 6,5 6,5 5,5 4,8 0 0
6,5 . 6,5 6,5 5,5 4,8 0 0 0
. . . . . . 1 1 1 1
6,5 . 6,5 6,5 5,5 4,8 . . . . .
4,9 . 4,9 4,9 4 3,2 . . . . . .
4,2 . 4,2 4,2 3,3 2,5 1,6 1,6 1,6 1,6 . 1,6 0,5
2,7 . 2,7 2,7 1,4 0,7 3,6 3,6 3,6 3,6 . 3,6 2,3 1,3
2,5 . 2,5 2,5 1,4 0,8 4,9 4,9 4,9 4,9 . 4,9 3,1 2,7 0,7
3,6 . 3,6 3,6 3 2,3 6,3 6,3 6,3 6,3 . 6,3 4,5 4,1 2,2 1,2
4,9 . 4,9 4,9 4,1 3,4 7,4 7,4 7,4 7,4 . 7,4 5,3 5 3,5 2,3 0,8
6 . 6 6 5,3 4,2 8,2 8,2 8,2 8,2 . 8,2 6,1 5,8 3,9 2,8 1,8 0,7
6 . 6 6 5,3 4,5 8,7 8,7 8,7 8,7 . 8,7 6,6 6,3 4,3 3,6 2,3 1 0,5
6,4 . 6,4 6,4 6,3 6,2 9,6 9,6 9,6 9,6 . 9,6 8,4 8,2 6,1 5 3,5 2,3 1,8 1
6,4 . 6,4 6,4 6,3 6,2 9,6 9,6 9,6 9,6 . 9,6 8,4 8,2 6,1 5 3,5 2,3 1,8 1 .
6,4 . 6,4 6,4 6,3 6,2 9,6 9,6 9,6 9,6 . 9,6 8,4 8,2 6,1 5 3,5 2,3 1,8 1 . .
